node	machine	vehicle
5	3	1
0	12699430	3583498
1	12736432	3568967
2	12727665	3569099
3	12724276	3572594
4	12738320	3567914
jobs
20
1	1	18	11	23
2	1	20	12	23
3	1	19	30	23
4	1	14	23	29
5	2	18	30	13
6	2	16	18	27
7	2	13	12	16
8	2	22	17	26
9	2	10	24	29
10	3	14	16	10
11	3	11	24	26
12	3	17	14	15
13	3	23	17	23
14	3	18	14	24
15	4	20	21	30
16	4	29	25	10
17	4	30	15	13
18	4	26	25	18
19	4	11	21	24
20	4	17	30	18
setuptimes
0	6	7	4	1	2	5	9	1	7	5	1	6	7	10	2	4	3	2	5	1
0	0	10	3	5	2	3	1	2	8	7	3	10	10	8	5	2	10	1	2	8
0	7	0	10	5	8	3	10	7	9	5	2	6	9	1	4	6	5	5	2	2
0	4	6	0	9	6	9	5	4	10	10	5	5	4	3	7	3	1	4	3	10
0	9	5	8	0	6	9	4	4	8	6	6	1	10	2	7	2	9	6	9	1
0	6	5	7	4	0	4	9	8	3	1	1	1	5	5	1	8	7	2	4	8
0	6	2	3	8	3	0	4	5	9	6	3	10	7	8	10	5	9	3	4	8
0	1	1	6	1	7	1	0	5	7	8	9	5	4	2	9	9	8	8	4	6
0	5	3	9	7	3	8	8	0	4	8	2	2	5	9	3	3	4	5	2	8
0	1	5	5	1	5	1	4	4	0	10	3	10	2	3	6	2	3	7	7	5
0	2	4	6	6	1	2	7	5	4	0	8	2	10	6	6	3	4	4	9	7
0	2	10	2	10	6	1	6	3	9	2	0	2	5	10	1	3	1	1	6	2
0	5	6	8	3	6	5	5	1	2	8	4	0	5	7	10	8	5	7	4	10
0	8	6	8	2	10	10	1	1	1	6	8	4	0	1	8	6	9	8	6	7
0	2	2	1	7	7	1	9	6	9	10	9	1	5	0	8	4	7	1	7	5
0	5	7	10	4	2	1	3	4	9	9	2	10	9	10	0	3	2	8	9	3
0	8	1	5	10	3	9	2	8	4	8	1	1	1	10	7	0	9	5	4	1
0	9	1	4	2	9	4	3	5	6	5	8	1	9	7	3	4	0	5	5	3
0	1	4	6	6	10	5	3	6	4	2	6	5	8	4	1	3	4	0	10	7
0	9	5	10	1	7	3	8	7	4	6	8	9	7	5	6	5	7	10	0	4
0	8	2	5	5	6	8	6	10	7	9	6	1	2	2	1	9	5	9	3	0