node	machine	vehicle
3	2	1
0	12735274	3562336
1	12727665	3569099
2	12728212	3552508
jobs
15
1	1	29	19
2	1	24	20
3	1	17	13
4	1	22	19
5	1	14	22
6	1	24	24
7	1	26	20
8	2	22	26
9	2	23	12
10	2	15	10
11	2	28	19
12	2	18	27
13	2	15	12
14	2	13	22
15	2	28	26
setuptimes
0	1	8	10	9	5	8	7	2	10	9	10	2	5	4	4
0	0	6	9	10	4	6	1	7	1	9	7	2	2	5	6
0	2	0	3	3	7	9	5	6	5	7	9	1	10	9	1
0	8	5	0	6	8	6	8	4	8	10	10	2	7	3	4
0	6	10	6	0	5	10	6	1	8	10	3	5	2	5	2
0	10	9	3	2	0	5	9	6	9	1	7	1	8	7	6
0	8	7	10	5	10	0	7	7	5	2	9	9	4	10	2
0	1	7	1	9	7	4	0	10	6	1	10	5	7	10	7
0	3	6	10	7	2	3	10	0	5	1	9	5	9	9	4
0	3	9	10	5	10	9	7	9	0	6	8	8	5	1	7
0	8	8	6	9	5	3	3	5	6	0	1	5	6	1	4
0	2	10	4	3	5	7	5	3	1	8	0	4	8	4	10
0	1	10	2	2	8	7	10	4	4	8	2	0	3	7	10
0	10	3	9	2	2	3	3	7	4	8	5	7	0	5	2
0	10	2	3	3	3	7	4	8	8	2	7	5	10	0	7
0	1	9	5	7	2	4	3	9	7	2	6	7	3	1	0