node	machine	vehicle
3	3	1
0	12738491	3559928
1	12737552	3568087
2	12738320	3567914
jobs
15
1	1	28	19	12
2	1	23	24	14
3	1	12	25	17
4	1	12	22	28
5	1	13	26	15
6	1	24	12	30
7	1	12	24	23
8	2	20	12	23
9	2	12	26	28
10	2	24	30	10
11	2	21	28	12
12	2	28	18	29
13	2	14	10	27
14	2	24	29	21
15	2	14	25	13
setuptimes
0	6	8	5	5	6	3	4	6	9	5	2	1	1	5	7
0	0	6	8	8	3	5	3	8	8	2	8	4	1	10	5
0	10	0	1	6	8	1	9	2	4	6	5	8	6	3	1
0	5	7	0	8	4	4	10	10	7	4	1	8	4	4	2
0	6	7	1	0	7	4	8	1	2	4	4	1	2	8	6
0	6	3	4	1	0	7	4	2	2	4	1	9	9	6	7
0	6	1	5	10	2	0	6	10	6	6	6	5	6	8	4
0	7	7	9	6	6	6	0	4	1	10	4	1	6	2	9
0	7	4	5	4	8	10	7	0	4	10	4	5	7	10	4
0	3	8	1	9	2	8	7	10	0	2	10	4	2	1	6
0	10	5	3	4	1	10	7	5	4	0	7	5	9	3	3
0	6	3	5	10	5	2	7	3	4	6	0	8	2	3	6
0	5	1	4	10	8	9	2	3	6	10	1	0	8	10	9
0	2	3	2	1	2	6	7	5	3	7	7	4	0	5	4
0	5	2	8	3	8	9	8	7	3	8	5	1	8	0	10
0	10	1	8	5	7	6	3	1	4	5	4	5	7	6	0