node	machine	vehicle
4	2	1
0	12735785	3562359
1	12733930	3570028
2	12720661	3577208
3	12724276	3572594
jobs
15
1	1	25	11
2	1	15	26
3	1	16	16
4	1	12	19
5	1	19	12
6	2	26	11
7	2	10	26
8	2	10	27
9	2	17	27
10	2	28	29
11	3	19	20
12	3	25	14
13	3	24	21
14	3	24	18
15	3	13	28
setuptimes
0	9	5	9	8	6	1	4	7	9	2	1	1	6	7	2
0	0	7	8	9	10	8	9	10	2	2	2	9	4	2	8
0	10	0	8	6	9	6	8	8	8	3	2	4	2	6	4
0	2	5	0	2	9	10	3	4	6	5	7	2	4	1	2
0	10	7	3	0	2	1	6	8	4	4	7	8	6	4	5
0	7	10	4	8	0	4	3	2	3	4	4	9	2	4	2
0	3	1	8	8	10	0	7	4	3	3	2	3	9	3	6
0	9	10	4	10	7	5	0	10	10	5	4	6	3	1	6
0	3	7	4	2	2	9	3	0	4	10	7	5	8	1	4
0	6	8	6	4	10	8	1	9	0	5	7	3	8	6	6
0	8	1	4	9	2	5	6	6	1	0	6	5	4	2	8
0	2	10	7	2	6	2	9	9	9	3	0	5	6	1	9
0	6	2	7	6	4	8	3	3	10	2	5	0	6	1	3
0	10	10	1	5	2	5	4	9	4	8	1	9	0	8	7
0	10	3	1	1	3	8	10	5	3	5	3	2	5	0	5
0	9	6	8	3	1	5	7	9	4	7	10	1	8	6	0