node	machine	vehicle
4	2	1
0	40	50
1	26	54
2	19	56
3	37	58
jobs
15
1	1	12	3
2	1	9	5
3	1	9	2
4	1	10	6
5	2	8	8
6	2	14	8
7	2	4	3
8	2	9	3
9	2	2	9
10	3	14	8
11	3	8	12
12	3	5	9
13	3	15	8
14	3	10	15
15	3	4	11
setuptimes
0	4	3	5	10	6	9	1	13	6	7	13	8	10	5	4
0	0	4	3	7	6	6	5	13	14	14	5	2	11	12	13
0	4	0	7	6	4	1	10	9	15	13	6	1	4	12	7
0	5	11	0	1	12	1	14	3	13	11	11	3	6	15	3
0	4	8	1	0	3	14	2	7	11	4	12	2	8	14	6
0	1	11	8	12	0	8	13	1	1	4	2	14	7	10	8
0	13	8	10	2	4	0	9	15	14	6	1	3	1	5	5
0	11	10	9	3	4	8	0	12	8	8	8	4	7	11	14
0	5	10	6	10	2	14	4	0	14	12	9	13	6	3	8
0	6	1	10	1	4	3	13	7	0	4	6	1	6	7	15
0	1	14	2	12	12	3	3	12	6	0	9	8	14	15	8
0	8	3	10	10	6	3	11	5	7	3	0	4	13	8	9
0	4	3	9	12	9	6	4	12	11	3	1	0	7	13	4
0	14	4	2	3	6	15	1	4	3	15	9	14	0	7	4
0	8	11	4	5	14	6	13	13	11	2	13	6	13	0	13
0	13	14	8	11	4	9	9	15	15	11	12	14	13	15	0