node	machine	vehicle
4	3	1
0	40	50
1	65	56
2	43	53
3	47	49
jobs
15
1	1	5	6	5
2	1	8	12	8
3	1	4	3	1
4	1	3	8	1
5	2	13	13	1
6	2	11	3	11
7	2	4	8	15
8	2	6	4	9
9	2	4	2	4
10	3	1	9	2
11	3	2	5	15
12	3	2	10	8
13	3	7	4	5
14	3	6	11	15
15	3	4	7	11
setuptimes
0	13	4	1	10	7	9	15	5	14	2	7	12	5	8	7
0	0	2	6	4	3	6	12	2	12	5	10	9	11	6	4
0	9	0	10	5	12	12	15	14	15	1	15	7	14	7	8
0	15	15	0	10	4	11	2	10	7	6	9	2	12	13	2
0	14	6	10	0	1	13	1	13	8	10	10	12	2	10	13
0	5	15	2	8	0	7	4	4	4	8	9	15	2	9	4
0	15	7	8	8	6	0	7	8	1	3	12	11	7	8	2
0	10	10	9	5	1	2	0	11	4	6	9	12	5	3	10
0	1	2	12	4	13	14	9	0	12	11	14	15	10	9	4
0	13	15	2	3	3	4	3	3	0	12	6	2	1	13	8
0	5	4	11	8	4	3	4	4	12	0	12	13	13	13	15
0	3	12	9	2	7	4	7	15	11	8	0	13	5	4	2
0	9	13	6	4	6	6	3	6	4	14	15	0	13	1	10
0	14	9	14	15	6	11	14	3	7	5	15	1	0	11	5
0	5	5	11	6	9	7	1	6	11	7	5	2	11	0	6
0	10	13	3	8	8	11	4	10	6	13	2	12	15	12	0