node	machine	vehicle
3	2	1
0	40	50
1	55	32
2	47	52
jobs
15
1	1	6	1
2	1	13	11
3	1	1	6
4	1	13	10
5	1	13	1
6	1	2	7
7	2	2	7
8	2	4	12
9	2	14	10
10	2	1	4
11	2	15	13
12	2	1	3
13	2	3	1
14	2	10	1
15	2	7	4
setuptimes
0	7	3	11	3	11	4	10	9	2	12	1	1	4	11	7
0	0	15	4	6	8	4	15	4	11	6	4	14	4	1	3
0	2	0	12	8	11	7	15	14	10	2	13	11	13	15	10
0	4	9	0	11	5	14	8	7	11	3	7	9	5	2	3
0	11	3	14	0	11	11	10	2	11	8	15	5	1	14	4
0	3	13	4	5	0	9	8	8	6	4	13	6	3	7	6
0	7	3	5	4	9	0	8	14	7	7	13	2	12	13	12
0	3	15	4	5	7	8	0	10	15	9	2	5	14	5	13
0	12	2	6	2	10	1	13	0	11	9	14	15	15	5	4
0	6	14	7	12	11	8	14	11	0	1	8	9	15	13	12
0	9	8	6	9	10	9	14	15	3	0	3	3	10	4	13
0	11	10	9	11	2	10	4	7	7	3	0	4	9	13	14
0	3	15	15	3	2	10	2	14	5	15	9	0	10	6	14
0	5	4	9	7	14	6	2	2	9	3	12	2	0	7	10
0	3	2	6	9	6	7	3	12	8	5	3	7	8	0	13
0	13	9	10	2	14	13	8	14	10	2	10	7	14	4	0