node	machine	vehicle
4	4	1
0	40	50
1	27	36
2	24	25
3	59	33
jobs
15
1	1	9	15	2	14
2	1	15	12	7	4
3	1	8	5	7	12
4	1	5	4	5	8
5	2	13	12	9	15
6	2	11	10	12	10
7	2	11	14	14	3
8	2	12	2	8	14
9	2	5	7	1	11
10	3	4	10	1	2
11	3	6	1	7	15
12	3	13	9	1	9
13	3	9	15	14	15
14	3	14	8	11	14
15	3	6	5	6	2
setuptimes
0	6	9	3	7	11	2	10	11	11	12	8	3	5	4	14
0	0	3	6	9	9	8	1	4	13	10	14	9	8	9	14
0	8	0	14	7	11	10	10	11	6	12	15	11	6	15	14
0	5	14	0	7	1	8	3	13	7	8	15	4	1	2	8
0	12	10	7	0	5	10	14	13	1	9	14	14	11	8	7
0	2	14	8	1	0	10	2	3	9	11	12	11	7	3	4
0	11	4	5	13	7	0	10	11	8	2	1	8	12	12	13
0	15	8	13	9	6	7	0	15	15	8	12	11	7	14	10
0	9	9	10	12	1	3	10	0	2	1	6	3	12	7	5
0	4	15	15	14	5	3	1	11	0	4	2	8	14	6	12
0	3	15	13	15	3	11	8	7	8	0	4	5	8	13	11
0	8	12	4	13	2	5	5	1	2	13	0	15	12	13	13
0	8	2	2	1	5	1	14	11	3	5	5	0	12	15	5
0	4	14	1	1	4	8	2	15	7	7	8	6	0	14	4
0	2	12	3	6	10	1	12	8	7	4	11	12	15	0	15
0	9	7	12	10	3	14	3	10	9	2	7	5	5	3	0