node	machine	vehicle
3	2	1
0	40	50
1	25	41
2	51	33
jobs
15
1	1	11	11
2	1	3	12
3	1	10	1
4	1	6	2
5	1	8	13
6	1	14	11
7	2	14	3
8	2	8	7
9	2	7	15
10	2	1	15
11	2	2	15
12	2	9	10
13	2	15	12
14	2	14	12
15	2	6	14
setuptimes
0	6	5	2	5	6	14	11	12	5	7	5	2	4	3	6
0	0	8	1	12	7	7	5	7	3	7	10	10	3	5	6
0	4	0	9	2	4	2	9	15	3	15	4	3	3	5	3
0	6	12	0	13	4	1	6	11	13	12	4	12	2	7	13
0	5	15	11	0	7	11	14	8	4	13	9	12	10	4	1
0	2	12	6	3	0	9	15	4	3	2	14	2	5	12	13
0	15	13	15	13	4	0	8	8	3	4	1	4	1	2	11
0	9	12	3	4	7	14	0	10	13	13	1	6	15	15	5
0	12	13	13	4	11	2	11	0	12	4	13	8	2	11	14
0	5	9	4	14	1	5	9	4	0	10	4	7	14	7	15
0	12	9	8	5	2	12	10	5	4	0	10	1	12	11	3
0	1	5	1	14	4	14	7	11	11	14	0	14	9	9	9
0	5	12	2	12	15	3	4	10	7	3	8	0	5	8	3
0	9	1	14	12	4	11	15	5	8	12	4	10	0	6	6
0	10	13	3	13	6	6	10	13	6	1	14	4	13	0	4
0	14	9	11	8	4	11	7	6	14	7	13	9	7	14	0