node	machine	vehicle
3	4	1
0	40	50
1	44	70
2	61	25
jobs
15
1	1	8	1	4	11
2	1	12	12	10	6
3	1	1	13	13	14
4	1	15	5	12	1
5	1	14	1	5	11
6	1	7	12	12	7
7	2	10	9	5	10
8	2	2	3	13	10
9	2	12	9	3	11
10	2	15	14	4	2
11	2	15	13	14	12
12	2	10	3	8	7
13	2	15	13	4	3
14	2	7	6	12	12
15	2	1	13	7	15
setuptimes
0	6	9	10	11	11	11	13	6	3	5	4	13	4	12	2
0	0	11	9	6	9	3	6	4	4	5	3	6	1	2	13
0	13	0	1	6	12	2	1	7	6	11	9	12	4	8	2
0	2	3	0	6	5	14	15	5	8	7	12	13	10	12	6
0	12	7	6	0	11	4	2	7	8	10	8	9	12	15	12
0	5	11	12	9	0	2	13	15	4	15	14	15	7	13	12
0	4	10	10	6	3	0	8	11	3	1	11	14	3	8	12
0	3	6	6	2	9	2	0	6	12	11	14	13	14	9	11
0	14	14	5	13	6	1	11	0	15	4	8	14	7	12	6
0	15	7	12	9	14	1	13	9	0	7	15	13	15	7	4
0	6	3	13	7	13	13	9	6	10	0	11	14	10	10	10
0	14	4	10	14	9	15	9	4	2	12	0	7	13	13	10
0	10	11	15	3	13	14	7	11	15	2	8	0	2	9	4
0	13	11	14	13	2	7	9	4	15	8	9	6	0	11	2
0	4	7	14	4	12	1	7	5	2	4	9	11	14	0	14
0	8	3	8	3	9	1	10	1	6	5	5	9	12	5	0