node	machine	vehicle
4	2	1
0	40	50
1	48	43
2	39	39
3	51	39
jobs
15
1	1	3	7
2	1	12	5
3	1	1	6
4	1	7	12
5	2	12	2
6	2	1	8
7	2	8	11
8	2	1	14
9	2	2	15
10	3	11	14
11	3	7	15
12	3	10	15
13	3	4	8
14	3	3	5
15	3	4	4
setuptimes
0	2	14	13	11	15	8	10	10	9	6	2	14	14	14	12
0	0	14	2	5	11	13	7	15	4	12	15	14	3	6	6
0	1	0	13	10	7	11	5	5	4	14	7	4	9	11	13
0	14	10	0	15	3	8	7	10	2	7	7	10	9	15	1
0	13	15	4	0	9	15	8	15	11	11	8	13	12	10	14
0	3	2	1	13	0	10	14	13	8	6	5	7	12	11	2
0	4	4	15	2	4	0	3	2	3	8	15	12	8	10	7
0	14	8	15	12	3	12	0	5	9	8	12	1	4	12	10
0	3	11	6	7	14	8	4	0	1	10	1	4	7	3	8
0	12	8	6	13	14	5	4	12	0	1	6	3	9	1	7
0	9	2	5	6	15	13	14	7	9	0	3	1	7	2	7
0	10	8	13	1	11	11	14	7	4	15	0	1	12	1	12
0	11	14	2	1	5	9	9	11	13	11	7	0	5	5	5
0	6	5	12	3	10	8	11	6	2	4	10	2	0	10	5
0	6	1	15	14	14	7	1	10	12	14	6	4	2	0	14
0	4	7	4	11	7	14	9	9	13	8	8	5	8	4	0