node	machine	vehicle
4	2	1
0	40	50
1	56	70
2	20	42
3	44	59
jobs
15
1	1	15	7
2	1	15	1
3	1	13	8
4	1	10	14
5	2	12	8
6	2	15	6
7	2	13	13
8	2	3	4
9	2	14	4
10	3	10	2
11	3	4	11
12	3	15	5
13	3	7	11
14	3	3	11
15	3	12	5
setuptimes
0	12	5	2	6	13	12	7	4	1	12	9	7	5	3	4
0	0	6	12	15	2	15	4	1	7	3	8	4	14	13	11
0	8	0	15	12	8	6	14	9	7	14	4	9	12	4	7
0	9	6	0	8	6	5	12	6	11	8	6	9	1	5	2
0	15	1	6	0	8	3	2	2	1	5	10	7	14	14	1
0	7	8	12	4	0	11	3	14	1	14	4	4	8	14	11
0	14	11	13	10	6	0	2	15	13	13	13	1	7	10	13
0	10	8	11	9	9	7	0	7	2	2	11	11	3	14	8
0	8	11	1	3	10	15	9	0	12	4	7	7	3	9	2
0	2	13	4	8	8	11	13	9	0	5	14	11	9	4	3
0	9	9	12	5	9	10	15	12	8	0	15	15	7	14	3
0	8	10	15	5	3	6	5	2	4	1	0	9	5	10	4
0	8	13	13	1	4	9	3	4	5	3	15	0	9	7	8
0	15	9	5	11	2	13	11	3	10	6	14	1	0	7	6
0	12	2	11	10	2	10	6	8	3	9	10	7	2	0	11
0	13	15	7	3	4	7	15	4	2	11	8	15	14	1	0