node	machine	vehicle
4	4	1
0	40	50
1	44	52
2	57	42
3	58	63
jobs
10
1	1	12	4	10	2
2	1	8	12	11	1
3	2	4	2	9	3
4	2	10	14	10	15
5	2	11	11	11	9
6	3	12	3	12	10
7	3	7	9	13	7
8	3	2	15	1	11
9	3	11	9	7	9
10	3	10	12	2	13
setuptimes
0	12	10	12	1	4	5	2	3	10	12
0	0	10	5	1	12	6	14	3	7	1
0	1	0	7	13	1	14	12	2	13	15
0	3	10	0	9	4	13	11	14	12	2
0	6	2	6	0	12	13	15	13	5	4
0	10	6	4	4	0	9	11	11	1	2
0	5	4	9	1	5	0	8	13	10	11
0	12	3	1	3	12	2	0	11	4	2
0	11	15	13	8	10	3	6	0	9	11
0	11	8	5	14	11	14	1	6	0	13
0	15	2	5	7	3	3	3	3	7	0