node	machine	vehicle
3	4	1
0	40	50
1	42	47
2	21	54
jobs
15
1	1	9	3	7	6
2	1	3	10	7	9
3	1	13	15	11	10
4	1	8	2	9	10
5	1	6	4	12	11
6	1	15	13	14	4
7	2	2	1	13	7
8	2	11	13	6	14
9	2	12	13	12	6
10	2	15	6	7	11
11	2	15	6	5	6
12	2	5	8	7	10
13	2	10	2	7	1
14	2	10	5	13	1
15	2	9	6	6	4
setuptimes
0	6	15	13	10	4	2	12	1	11	6	8	15	8	15	6
0	0	15	6	8	14	6	4	11	5	1	4	4	14	7	3
0	14	0	8	15	12	8	5	13	7	5	11	3	13	10	3
0	7	12	0	14	5	9	10	6	2	1	6	4	13	14	7
0	5	8	14	0	15	13	7	13	12	1	6	10	5	15	12
0	12	10	10	7	0	3	1	11	12	9	8	5	4	15	7
0	7	12	8	5	3	0	7	4	5	14	1	3	3	3	12
0	7	1	5	13	9	3	0	14	3	11	14	7	10	12	15
0	3	9	14	9	10	4	8	0	13	10	5	8	5	8	5
0	11	13	12	3	8	11	12	14	0	11	14	12	12	1	9
0	15	1	13	15	10	5	3	4	13	0	12	11	10	14	5
0	5	2	14	7	10	2	8	5	5	6	0	12	12	7	9
0	8	5	4	14	9	15	4	3	10	1	14	0	11	13	6
0	8	12	12	5	15	6	9	5	14	10	12	2	0	9	1
0	9	2	12	2	9	10	6	15	13	7	8	12	12	0	15
0	8	11	1	5	15	9	11	4	12	7	10	1	2	4	0