node	machine	vehicle
3	3	1
0	40	50
1	40	75
2	17	69
jobs
15
1	1	5	12	14
2	1	2	11	12
3	1	4	11	3
4	1	6	2	13
5	1	9	2	12
6	1	2	9	10
7	2	15	13	7
8	2	15	13	1
9	2	9	7	12
10	2	1	4	9
11	2	10	1	1
12	2	1	11	13
13	2	11	10	7
14	2	7	7	8
15	2	11	2	10
setuptimes
0	4	13	11	3	10	5	8	9	9	1	10	6	5	3	10
0	0	14	5	4	6	12	8	7	14	9	14	15	10	4	15
0	9	0	7	6	8	4	12	2	2	6	4	7	10	9	9
0	6	2	0	10	10	8	14	7	14	7	8	1	3	5	12
0	9	15	13	0	14	11	3	1	10	3	5	8	14	4	4
0	14	11	15	2	0	13	7	13	2	2	15	15	10	12	7
0	7	11	15	5	6	0	7	11	10	11	5	5	12	9	12
0	14	6	9	12	11	5	0	1	3	6	10	5	15	13	10
0	9	12	5	3	10	15	13	0	1	15	12	12	14	14	12
0	12	1	6	9	6	2	15	2	0	6	6	2	2	11	6
0	5	15	5	4	14	10	12	10	8	0	6	3	14	2	10
0	10	7	9	10	2	7	9	15	1	11	0	9	2	7	15
0	5	4	11	3	14	6	14	9	9	14	11	0	7	4	13
0	3	12	11	2	9	7	9	12	11	11	5	4	0	11	3
0	6	8	4	13	7	5	2	10	1	14	6	13	10	0	11
0	14	7	9	7	4	9	4	9	3	8	1	6	9	11	0