node	machine	vehicle
3	2	1
0	40	50
1	21	71
2	61	57
jobs
15
1	1	6	8
2	1	12	11
3	1	2	2
4	1	12	2
5	1	9	15
6	1	15	14
7	2	15	15
8	2	10	10
9	2	7	3
10	2	4	6
11	2	14	15
12	2	9	1
13	2	3	15
14	2	2	15
15	2	10	7
setuptimes
0	14	15	7	4	8	2	14	3	13	1	10	10	2	13	7
0	0	8	6	15	2	1	7	14	6	1	6	13	9	5	12
0	2	0	3	12	6	10	14	6	9	13	10	9	11	7	1
0	13	15	0	3	7	13	1	8	2	5	1	9	4	6	9
0	15	6	9	0	12	11	14	3	7	1	13	7	2	7	9
0	14	4	11	7	0	10	2	11	6	14	6	10	15	5	5
0	12	15	6	9	11	0	2	13	11	5	4	11	4	3	13
0	4	4	15	6	8	8	0	14	6	7	15	8	6	4	11
0	10	4	5	8	11	9	4	0	9	1	13	14	15	14	9
0	9	2	8	7	9	10	7	14	0	15	13	2	12	13	12
0	11	15	6	9	8	1	15	15	5	0	15	11	13	3	15
0	4	4	2	3	7	13	7	5	1	15	0	5	2	4	11
0	12	7	1	4	7	2	6	10	4	7	1	0	15	2	10
0	9	10	1	1	10	11	9	9	14	2	11	13	0	6	11
0	2	13	6	6	11	11	7	8	7	11	13	9	8	0	13
0	4	15	1	12	6	1	9	12	8	10	3	8	8	13	0