node	machine	vehicle
4	2	1
0	40	50
1	49	29
2	26	75
3	26	55
jobs
15
1	1	15	4
2	1	10	13
3	1	5	14
4	1	8	6
5	2	1	1
6	2	9	13
7	2	1	11
8	2	7	12
9	2	13	6
10	3	5	4
11	3	15	15
12	3	2	4
13	3	1	5
14	3	15	11
15	3	10	13
setuptimes
0	9	9	1	9	15	3	5	7	12	8	6	13	2	13	12
0	0	5	14	2	13	8	2	9	10	7	13	13	15	4	11
0	5	0	8	1	12	11	1	7	12	10	12	3	13	4	1
0	14	15	0	7	6	5	10	10	15	8	12	6	10	9	14
0	5	2	3	0	13	10	4	3	12	15	9	7	15	1	12
0	1	7	12	14	0	7	10	12	4	10	9	4	2	13	12
0	10	3	6	8	8	0	14	13	6	8	4	3	3	9	5
0	6	11	13	7	15	1	0	1	15	13	6	3	2	6	8
0	2	15	4	10	13	9	15	0	4	11	2	2	3	14	9
0	5	1	12	9	10	1	2	13	0	15	7	12	9	9	12
0	11	12	15	11	13	11	10	10	5	0	6	9	3	3	4
0	15	2	12	5	7	2	1	8	10	9	0	11	6	5	13
0	2	2	9	5	4	1	3	14	6	4	1	0	14	1	3
0	8	3	10	8	2	9	9	5	3	13	4	2	0	4	3
0	15	1	14	15	2	12	5	1	13	11	2	6	14	0	14
0	3	8	12	6	4	1	7	2	12	4	2	4	3	13	0