node	machine	vehicle
3	2	1
0	40	50
1	27	53
2	24	53
jobs
15
1	1	14	8
2	1	6	1
3	1	6	12
4	1	2	14
5	1	7	7
6	1	12	4
7	2	1	2
8	2	7	14
9	2	5	10
10	2	15	11
11	2	6	10
12	2	15	6
13	2	5	6
14	2	15	12
15	2	4	9
setuptimes
0	4	13	5	2	1	11	4	11	1	10	13	11	3	6	4
0	0	14	1	1	15	9	6	15	2	9	14	13	15	6	12
0	13	0	6	6	14	9	12	4	6	1	4	5	15	3	1
0	11	3	0	1	9	15	3	8	5	8	2	2	2	14	5
0	7	11	11	0	9	11	15	9	9	13	15	2	15	1	6
0	11	1	3	11	0	7	12	14	7	7	5	1	14	5	1
0	13	9	11	4	13	0	10	9	13	12	3	14	14	10	1
0	3	15	6	3	14	10	0	15	12	12	4	12	1	1	9
0	4	6	8	1	4	15	9	0	3	3	13	4	13	10	5
0	9	10	3	10	5	7	1	4	0	13	4	9	8	13	5
0	1	14	15	8	5	11	13	4	13	0	15	2	11	6	9
0	6	13	11	1	8	4	1	9	6	5	0	12	4	13	11
0	8	14	5	4	2	12	6	6	2	4	3	0	1	10	9
0	8	5	6	8	7	1	1	5	14	15	2	1	0	8	6
0	4	4	9	13	10	9	2	4	7	9	4	2	8	0	8
0	12	8	14	11	2	12	4	4	14	3	11	11	4	4	0