node	machine	vehicle
4	3	1
0	40	50
1	55	43
2	17	44
3	43	45
jobs
15
1	1	10	3	2
2	1	7	15	15
3	1	1	9	6
4	1	11	5	10
5	2	14	11	1
6	2	6	3	5
7	2	11	4	12
8	2	3	13	9
9	2	6	10	14
10	3	10	4	1
11	3	7	4	3
12	3	4	8	14
13	3	9	5	4
14	3	1	11	2
15	3	2	6	14
setuptimes
0	14	2	2	8	4	15	12	8	8	4	9	12	9	5	10
0	0	14	7	3	7	11	3	1	3	2	9	12	6	10	14
0	8	0	2	3	6	8	1	10	2	9	10	1	5	15	6
0	10	10	0	11	14	4	1	13	2	1	15	10	12	1	7
0	14	4	14	0	12	14	4	7	6	11	6	15	15	12	7
0	4	11	4	14	0	9	5	3	11	8	12	8	9	10	5
0	15	7	1	14	9	0	1	8	9	9	5	10	13	14	2
0	15	11	6	6	9	7	0	5	12	5	11	15	5	12	4
0	9	4	1	6	2	4	2	0	1	2	7	6	2	14	11
0	10	14	11	6	7	12	11	3	0	14	15	13	8	8	6
0	10	1	1	12	11	15	8	6	1	0	13	13	4	9	7
0	15	14	8	8	10	10	1	2	8	7	0	2	4	2	11
0	2	6	4	3	2	5	2	10	11	9	4	0	9	15	14
0	4	2	14	2	6	7	2	14	10	1	14	3	0	12	4
0	11	11	3	6	15	7	5	1	7	4	9	7	3	0	9
0	3	4	4	12	15	4	2	5	8	13	10	3	13	14	0