node	machine	vehicle
3	3	1
0	40	50
1	37	75
2	47	47
jobs
15
1	1	9	1	2
2	1	10	12	13
3	1	2	15	7
4	1	4	6	5
5	1	2	10	11
6	1	6	4	9
7	2	7	13	3
8	2	12	12	5
9	2	12	3	11
10	2	9	10	10
11	2	11	3	1
12	2	2	2	11
13	2	5	1	6
14	2	13	2	7
15	2	13	2	2
setuptimes
0	8	1	13	11	5	4	6	9	4	8	15	8	10	1	2
0	0	12	8	5	2	14	11	7	8	7	2	2	14	9	15
0	15	0	1	8	3	4	12	3	11	2	11	9	15	7	15
0	10	7	0	3	8	3	14	11	11	5	11	7	7	10	6
0	11	12	8	0	13	12	12	9	14	15	11	13	14	4	14
0	1	9	15	7	0	2	1	4	6	11	13	14	1	3	14
0	4	14	11	13	11	0	6	6	4	14	2	5	6	4	14
0	8	6	11	12	13	7	0	4	9	2	13	6	15	11	5
0	7	4	1	3	13	1	7	0	6	10	13	15	15	5	5
0	7	12	15	2	15	1	9	8	0	7	10	6	1	11	4
0	1	11	1	3	15	9	5	6	3	0	2	8	15	8	4
0	5	2	2	3	2	8	12	11	14	14	0	3	2	4	12
0	13	15	7	12	14	14	3	2	11	6	15	0	1	7	12
0	2	11	4	5	13	6	15	10	12	13	5	2	0	2	5
0	14	5	10	2	9	8	10	8	14	13	4	4	2	0	13
0	12	6	7	13	1	5	1	3	3	4	8	4	14	12	0