node	machine	vehicle
3	4	1
0	40	50
1	29	34
2	39	29
jobs
15
1	1	6	3	9	3
2	1	1	4	9	3
3	1	7	15	12	12
4	1	13	1	15	11
5	1	6	4	8	11
6	1	13	8	15	8
7	2	1	4	1	4
8	2	13	14	2	14
9	2	3	1	8	2
10	2	2	12	11	8
11	2	5	12	3	11
12	2	12	13	8	4
13	2	15	1	7	11
14	2	10	8	11	6
15	2	5	6	5	3
setuptimes
0	10	9	14	10	11	7	10	15	2	10	4	14	4	12	4
0	0	9	15	2	8	15	4	8	11	9	4	3	10	8	6
0	10	0	2	9	12	9	9	8	4	4	9	9	8	5	15
0	11	6	0	10	2	15	14	9	11	14	10	6	5	9	5
0	5	2	13	0	8	5	3	6	8	10	12	6	2	10	15
0	14	12	2	10	0	6	5	4	7	15	1	8	3	5	4
0	3	12	15	5	10	0	11	7	2	12	4	15	3	9	5
0	14	4	5	13	11	15	0	10	9	11	11	7	8	3	6
0	14	7	12	2	4	5	2	0	11	14	15	12	1	7	2
0	2	8	10	11	13	10	2	4	0	4	15	9	4	4	4
0	15	14	6	11	14	1	5	14	10	0	1	14	15	5	1
0	5	11	13	14	10	14	9	8	1	3	0	9	14	15	1
0	3	2	2	2	4	4	15	6	14	12	11	0	11	3	3
0	4	14	3	14	4	10	14	13	8	3	7	14	0	1	9
0	8	3	14	15	4	14	7	5	1	6	11	7	15	0	14
0	13	9	14	12	12	15	7	2	1	1	12	3	12	12	0