node	machine	vehicle
4	3	1
0	40	50
1	33	31
2	60	40
3	31	30
jobs
15
1	1	3	5	13
2	1	5	13	2
3	1	9	4	13
4	1	3	5	9
5	2	15	3	9
6	2	15	2	9
7	2	2	2	9
8	2	2	11	2
9	2	1	3	8
10	3	8	7	13
11	3	2	4	11
12	3	10	6	5
13	3	2	9	1
14	3	5	2	6
15	3	6	1	8
setuptimes
0	1	7	4	3	6	15	12	15	15	14	4	2	14	15	6
0	0	2	14	1	15	11	5	11	2	7	9	10	11	9	2
0	5	0	11	4	2	4	1	3	11	15	9	2	2	8	9
0	13	4	0	14	7	8	1	6	15	13	1	4	9	8	11
0	14	2	1	0	14	1	8	3	9	9	4	15	14	15	6
0	1	6	15	3	0	5	10	11	13	6	8	12	3	10	1
0	6	13	6	3	12	0	14	7	5	8	2	8	10	14	10
0	9	2	11	2	14	2	0	9	2	11	5	13	9	9	9
0	2	1	2	3	7	11	14	0	15	5	12	3	3	12	15
0	7	13	4	3	9	12	8	15	0	9	14	1	10	5	7
0	5	13	12	3	14	9	1	14	12	0	5	14	2	3	2
0	15	5	6	3	11	7	15	14	10	8	0	6	14	8	12
0	14	11	5	4	10	8	15	5	10	4	13	0	8	3	4
0	3	8	13	5	8	6	5	9	2	9	11	13	0	14	13
0	13	2	10	11	1	12	10	14	3	1	10	2	9	0	14
0	1	14	9	11	10	6	2	6	14	5	5	13	7	9	0