node	machine	vehicle
3	3	1
0	40	50
1	63	59
2	31	66
jobs
15
1	1	12	1	6
2	1	3	13	13
3	1	2	10	10
4	1	11	8	4
5	1	3	14	14
6	1	4	7	4
7	2	10	6	5
8	2	9	9	12
9	2	11	12	8
10	2	5	4	11
11	2	12	1	9
12	2	15	3	5
13	2	11	11	6
14	2	15	2	12
15	2	4	13	11
setuptimes
0	13	14	1	13	12	13	9	4	1	8	9	3	9	9	5
0	0	15	1	15	14	3	11	8	10	5	8	11	9	12	9
0	3	0	15	8	7	5	14	15	7	14	2	5	14	7	12
0	11	10	0	10	7	9	2	4	4	9	12	5	14	15	3
0	15	10	5	0	4	1	13	10	6	9	3	2	13	6	10
0	15	10	8	2	0	12	10	3	13	4	9	9	9	9	14
0	9	8	14	5	7	0	10	6	1	6	3	7	6	9	5
0	14	7	2	11	13	4	0	3	8	12	9	6	10	7	13
0	6	4	11	3	15	2	15	0	7	15	2	15	14	12	7
0	3	2	2	9	8	15	4	13	0	7	11	4	1	6	6
0	12	8	5	8	8	1	3	4	3	0	10	12	13	8	9
0	9	6	6	14	2	10	7	10	1	7	0	15	14	14	14
0	8	10	13	11	13	11	3	4	14	12	13	0	5	10	1
0	12	7	2	13	5	3	6	3	12	7	1	7	0	1	5
0	15	8	12	14	4	4	13	15	8	3	2	5	12	0	5
0	5	2	2	13	12	6	13	15	15	5	6	14	2	2	0