node	machine	vehicle
4	3	1
0	40	50
1	44	56
2	44	39
3	35	38
jobs
15
1	1	11	3	3
2	1	8	2	9
3	1	7	11	3
4	1	2	10	7
5	2	8	5	4
6	2	6	15	5
7	2	14	4	8
8	2	5	7	6
9	2	7	13	9
10	3	1	4	6
11	3	3	8	15
12	3	5	8	14
13	3	4	2	4
14	3	2	1	3
15	3	1	7	3
setuptimes
0	10	7	10	8	5	10	12	10	13	6	5	7	8	10	12
0	0	4	6	15	8	14	12	5	9	7	14	15	7	4	11
0	5	0	12	10	3	1	7	15	14	15	9	8	10	12	14
0	7	13	0	13	7	5	11	8	2	3	15	2	10	6	4
0	13	4	15	0	14	3	12	5	6	14	1	14	12	8	15
0	9	2	2	2	0	15	15	4	1	14	13	11	2	10	6
0	9	2	4	8	2	0	13	15	15	15	1	4	13	6	14
0	12	4	7	13	8	7	0	10	11	7	7	4	11	8	5
0	2	9	1	12	13	5	6	0	15	1	7	4	3	9	11
0	2	15	10	6	4	6	5	4	0	1	5	2	14	2	5
0	1	5	5	11	9	3	10	15	7	0	14	7	2	11	15
0	15	10	3	15	11	11	11	8	1	10	0	15	15	4	12
0	5	15	3	15	5	7	3	15	14	6	15	0	3	5	10
0	1	8	9	14	8	5	13	15	11	10	2	14	0	13	6
0	13	7	12	8	11	14	12	14	2	13	12	7	14	0	6
0	15	11	2	14	1	7	3	11	10	15	13	9	4	5	0