node	machine	vehicle
3	2	1
0	40	50
1	34	36
2	32	26
jobs
15
1	1	10	8
2	1	15	8
3	1	5	11
4	1	8	7
5	1	11	4
6	1	12	8
7	2	13	8
8	2	15	4
9	2	8	10
10	2	7	15
11	2	1	3
12	2	11	1
13	2	7	1
14	2	1	12
15	2	6	6
setuptimes
0	13	9	12	11	7	14	12	3	12	6	5	15	13	9	11
0	0	9	11	8	11	6	13	15	2	15	8	11	4	1	4
0	14	0	14	1	12	3	8	3	7	1	2	5	4	12	3
0	10	10	0	3	10	13	2	14	11	13	6	3	5	14	13
0	9	1	15	0	4	8	9	12	14	1	9	9	7	7	7
0	10	13	1	8	0	8	10	1	12	9	15	9	6	2	6
0	15	14	13	9	8	0	5	6	12	5	5	5	15	13	15
0	5	3	1	14	12	6	0	12	4	15	9	8	4	3	3
0	9	12	1	14	15	4	1	0	7	8	7	7	3	1	5
0	2	6	5	11	10	9	15	9	0	8	12	8	14	14	9
0	3	12	13	7	9	8	1	14	15	0	6	15	8	3	13
0	15	3	4	12	12	6	13	7	6	9	0	5	15	14	14
0	8	3	9	8	13	1	9	14	11	13	5	0	9	4	11
0	15	8	15	12	4	5	6	1	15	11	8	7	0	9	1
0	1	6	15	6	11	4	14	5	6	3	11	8	8	0	8
0	9	15	8	7	2	15	15	15	9	9	2	6	6	6	0