node	machine	vehicle
4	4	1
0	40	50
1	27	50
2	52	31
3	36	46
jobs
15
1	1	15	12	10	7
2	1	11	2	6	5
3	1	10	12	3	3
4	1	11	12	9	2
5	2	9	11	3	11
6	2	5	15	2	10
7	2	15	11	10	14
8	2	6	2	4	6
9	2	11	3	15	15
10	3	6	15	14	12
11	3	7	9	12	14
12	3	7	12	9	9
13	3	6	15	8	6
14	3	10	11	1	4
15	3	11	2	15	15
setuptimes
0	11	15	4	9	14	9	7	8	4	4	1	7	14	12	8
0	0	7	15	3	3	4	2	11	5	13	4	14	14	4	14
0	14	0	1	11	5	12	5	14	15	1	6	3	8	12	14
0	3	12	0	9	11	10	11	4	11	11	11	2	14	10	13
0	7	9	14	0	4	6	3	14	10	11	4	8	11	8	5
0	7	10	2	1	0	14	11	6	5	9	15	14	12	3	12
0	2	15	2	5	4	0	15	6	2	12	5	11	12	6	11
0	12	14	4	6	2	9	0	5	11	2	11	14	4	2	1
0	5	1	1	12	11	11	2	0	14	2	2	11	13	2	9
0	14	5	4	12	9	13	4	14	0	3	1	9	15	2	13
0	11	9	10	8	12	9	8	3	11	0	13	4	3	1	8
0	6	3	3	11	2	9	8	15	15	10	0	10	10	3	12
0	12	9	4	5	8	2	15	9	14	1	2	0	10	7	6
0	4	6	4	1	13	13	1	4	9	8	4	13	0	13	13
0	3	10	13	8	9	13	3	8	10	13	7	12	9	0	2
0	14	8	4	10	8	6	4	11	5	7	8	15	4	2	0