node	machine	vehicle
3	4	1
0	40	50
1	17	54
2	22	60
jobs
10
1	1	15	9	10	7
2	1	15	13	9	7
3	1	4	11	14	13
4	1	11	2	15	4
5	2	12	13	10	11
6	2	10	11	14	8
7	2	12	6	15	13
8	2	12	7	1	9
9	2	14	13	8	9
10	2	12	11	4	11
setuptimes
0	4	13	5	4	8	12	10	5	13	15
0	0	6	11	13	8	3	1	11	11	4
0	10	0	10	14	12	10	3	6	6	9
0	11	4	0	11	8	5	9	14	11	6
0	15	8	12	0	2	10	12	15	14	11
0	1	1	2	6	0	13	1	13	7	12
0	6	13	10	7	10	0	11	7	9	1
0	14	1	10	2	12	6	0	6	15	14
0	9	8	15	2	10	10	6	0	13	15
0	10	11	9	10	5	8	7	11	0	7
0	3	12	9	12	7	2	3	1	3	0