node	machine	vehicle
3	2	1
0	40	50
1	37	46
2	31	38
jobs
15
1	1	12	15
2	1	9	14
3	1	2	11
4	1	15	11
5	1	5	5
6	1	5	8
7	2	10	5
8	2	14	15
9	2	7	9
10	2	11	15
11	2	10	1
12	2	15	1
13	2	14	3
14	2	15	9
15	2	15	6
setuptimes
0	3	15	12	2	2	14	2	8	14	3	10	2	10	5	3
0	0	1	6	9	8	12	14	3	4	6	3	3	14	13	9
0	3	0	1	3	4	13	11	2	4	1	10	4	8	2	8
0	15	4	0	4	1	1	12	8	1	6	12	11	1	6	7
0	5	4	1	0	9	10	10	1	9	8	5	10	1	12	3
0	6	4	5	8	0	5	12	3	2	14	10	4	12	14	14
0	3	3	2	14	14	0	4	7	10	13	10	7	15	4	5
0	8	5	5	5	1	13	0	8	15	7	5	13	5	3	11
0	7	9	13	6	5	8	14	0	6	14	11	9	10	8	10
0	1	9	12	9	3	14	2	11	0	11	3	15	12	11	11
0	8	5	13	15	2	3	3	6	10	0	9	9	6	6	8
0	5	13	5	1	2	8	3	14	10	7	0	15	15	12	13
0	9	2	13	14	14	15	5	8	5	10	10	0	3	11	4
0	3	15	2	1	1	3	13	3	13	8	9	5	0	12	2
0	9	6	4	11	3	11	6	1	11	2	4	14	12	0	6
0	5	3	12	3	11	13	15	13	2	7	15	4	14	2	0