node	machine	vehicle
4	2	1
0	40	50
1	48	75
2	24	71
3	45	36
jobs
15
1	1	4	13
2	1	10	5
3	1	15	2
4	1	3	7
5	2	9	1
6	2	15	6
7	2	5	14
8	2	14	15
9	2	2	5
10	3	9	10
11	3	11	14
12	3	4	14
13	3	1	7
14	3	1	4
15	3	13	6
setuptimes
0	4	9	1	12	1	10	4	5	8	11	13	8	5	12	1
0	0	4	5	10	2	7	15	5	1	6	9	2	3	1	12
0	1	0	8	14	12	15	2	11	1	9	7	10	8	13	2
0	7	15	0	13	8	11	9	14	3	10	12	6	1	4	6
0	13	5	15	0	15	15	9	1	13	13	3	2	3	6	8
0	1	1	11	9	0	2	8	12	10	4	4	3	6	2	12
0	10	2	6	7	12	0	9	7	13	5	7	5	3	7	3
0	3	10	14	14	11	3	0	5	3	5	13	5	2	12	4
0	7	15	7	14	2	9	7	0	12	3	2	12	9	3	14
0	2	15	12	4	12	15	1	4	0	9	14	11	13	15	4
0	9	3	6	13	4	12	11	8	2	0	11	13	12	3	10
0	12	5	3	5	14	5	7	6	5	14	0	5	7	1	4
0	10	5	7	9	2	9	13	15	6	12	10	0	13	14	6
0	4	12	5	3	14	15	5	8	13	11	5	9	0	9	8
0	4	4	8	5	4	6	9	11	13	15	5	3	4	0	5
0	8	6	9	5	7	7	1	2	7	4	1	14	10	2	0