node	machine	vehicle
3	2	1
0	40	50
1	29	50
2	48	54
jobs
15
1	1	6	11
2	1	3	6
3	1	10	8
4	1	10	9
5	1	8	9
6	1	14	14
7	2	3	15
8	2	6	7
9	2	6	10
10	2	14	6
11	2	6	1
12	2	10	8
13	2	15	15
14	2	5	6
15	2	8	10
setuptimes
0	2	7	4	14	7	9	10	6	6	10	2	14	5	11	8
0	0	12	12	10	9	6	7	9	11	8	9	5	6	13	3
0	11	0	5	10	10	6	14	6	4	8	6	13	8	4	3
0	2	5	0	5	15	6	7	10	7	8	14	5	4	4	3
0	8	2	10	0	13	14	15	12	2	9	1	13	15	6	10
0	11	10	11	12	0	9	12	11	11	1	2	12	15	6	11
0	10	1	1	15	13	0	9	3	1	8	2	2	4	11	6
0	12	5	13	6	14	5	0	4	8	11	7	7	5	11	12
0	1	7	8	15	7	1	10	0	5	5	5	14	6	3	7
0	1	1	2	4	2	1	7	10	0	9	10	9	5	1	14
0	7	5	10	1	2	5	6	1	15	0	4	3	5	13	10
0	14	9	5	7	11	8	2	7	15	11	0	8	11	1	6
0	7	15	15	9	8	3	14	6	11	1	6	0	1	6	12
0	9	12	3	14	11	6	1	4	10	7	5	15	0	11	3
0	9	12	6	9	13	6	1	3	8	1	11	14	1	0	8
0	7	9	8	3	5	7	14	2	15	7	9	13	2	10	0