node	machine	vehicle
4	4	1
0	40	50
1	21	68
2	21	33
3	17	53
jobs
15
1	1	4	5	11	1
2	1	15	12	13	9
3	1	14	8	3	9
4	1	9	1	6	8
5	2	2	9	13	10
6	2	9	9	4	15
7	2	5	8	4	12
8	2	6	2	6	5
9	2	5	7	9	15
10	3	3	15	10	9
11	3	7	13	3	9
12	3	12	11	7	5
13	3	14	3	7	1
14	3	13	11	2	5
15	3	12	9	1	6
setuptimes
0	1	4	10	12	15	3	6	12	15	1	12	2	4	13	8
0	0	1	2	10	10	9	9	4	13	4	3	11	3	6	3
0	10	0	14	10	8	4	8	1	1	15	2	2	1	1	6
0	5	6	0	14	13	14	8	7	15	3	5	3	13	9	15
0	15	13	1	0	2	1	5	9	14	9	7	11	13	14	2
0	13	7	15	9	0	14	9	4	15	4	3	5	12	12	6
0	1	11	14	10	8	0	15	15	15	15	14	9	10	13	6
0	8	9	12	1	2	7	0	6	7	9	12	7	5	2	3
0	15	2	5	10	15	8	6	0	3	11	14	10	12	13	3
0	15	13	9	6	4	4	7	6	0	12	6	11	12	5	10
0	1	13	8	10	11	5	9	9	9	0	3	12	9	15	12
0	14	7	11	6	9	13	15	1	6	13	0	7	12	9	5
0	8	11	14	4	12	8	12	15	4	15	15	0	12	4	2
0	4	10	4	4	14	3	14	7	1	3	13	7	0	2	2
0	8	4	10	6	1	11	3	1	9	8	4	13	11	0	9
0	9	1	4	12	14	11	9	13	10	1	4	12	13	9	0