node	machine	vehicle
3	4	1
0	40	50
1	35	62
2	46	69
jobs
15
1	1	2	1	12	12
2	1	6	15	2	12
3	1	6	10	6	14
4	1	8	1	3	11
5	1	7	8	5	13
6	1	5	15	1	10
7	2	10	2	11	1
8	2	11	11	4	6
9	2	1	7	10	10
10	2	14	11	4	14
11	2	1	14	2	12
12	2	6	15	9	5
13	2	3	12	1	15
14	2	13	6	6	1
15	2	10	1	1	12
setuptimes
0	9	13	11	3	11	15	15	5	9	14	7	12	13	2	10
0	0	14	2	1	3	6	6	11	10	3	10	1	6	7	5
0	8	0	14	6	15	10	13	13	12	5	6	3	14	9	13
0	8	8	0	3	4	7	10	8	11	10	12	4	4	8	3
0	13	15	8	0	4	15	11	15	4	6	13	5	11	5	9
0	12	6	4	8	0	15	12	5	9	10	9	12	9	9	12
0	9	15	14	11	15	0	8	10	1	15	13	10	1	1	1
0	13	15	8	14	3	11	0	4	9	8	3	12	14	1	11
0	13	11	10	4	12	7	11	0	11	14	14	5	1	12	9
0	8	8	12	4	3	12	4	8	0	12	4	15	7	10	11
0	8	1	11	15	2	10	13	7	13	0	5	2	8	8	4
0	13	4	6	1	2	10	12	11	6	5	0	14	12	13	11
0	14	7	4	5	13	14	9	13	14	11	11	0	13	5	11
0	13	4	15	5	12	7	5	7	1	13	6	1	0	2	4
0	9	2	7	4	13	7	10	12	8	5	3	11	13	0	1
0	4	14	13	14	15	2	5	11	12	14	8	11	10	5	0