node	machine	vehicle
3	4	1
0	40	50
1	61	62
2	61	57
jobs
15
1	1	15	9	10	10
2	1	6	11	4	11
3	1	6	11	1	6
4	1	1	9	6	1
5	1	12	14	9	3
6	1	10	15	15	13
7	2	7	14	10	3
8	2	13	9	7	7
9	2	5	2	12	10
10	2	1	7	5	6
11	2	5	14	13	13
12	2	6	5	10	10
13	2	2	11	14	10
14	2	11	12	7	11
15	2	11	5	10	14
setuptimes
0	1	7	14	11	8	10	15	7	11	8	14	2	4	11	4
0	0	2	12	12	7	12	6	12	11	2	10	12	6	8	3
0	13	0	5	12	13	12	4	12	13	3	10	12	4	11	3
0	5	13	0	15	9	15	12	8	6	10	11	12	15	3	2
0	10	9	10	0	4	12	7	3	8	5	11	8	3	8	14
0	7	8	7	11	0	10	13	2	11	8	1	5	9	1	13
0	6	3	4	13	15	0	12	14	4	3	15	1	13	12	9
0	7	4	5	6	14	13	0	14	13	1	12	10	6	14	4
0	12	8	14	3	6	11	14	0	13	8	9	2	3	1	11
0	6	3	13	13	15	6	4	10	0	13	9	1	2	3	9
0	13	13	2	3	14	11	15	14	13	0	14	15	15	14	11
0	8	7	15	3	10	3	4	11	2	14	0	3	1	8	9
0	9	6	13	2	6	10	14	1	2	1	5	0	10	4	2
0	10	13	3	1	9	1	10	12	5	12	6	13	0	1	15
0	7	1	15	13	8	8	10	7	13	13	1	2	15	0	5
0	13	5	9	3	2	12	12	14	13	13	5	12	12	15	0