node	machine	vehicle
3	4	1
0	40	50
1	59	59
2	44	30
jobs
15
1	1	9	3	2	6
2	1	11	10	3	15
3	1	1	9	2	14
4	1	11	14	13	8
5	1	12	9	14	5
6	1	1	5	8	5
7	2	15	15	15	3
8	2	5	12	9	14
9	2	5	2	15	10
10	2	13	4	3	5
11	2	9	3	14	4
12	2	8	13	10	2
13	2	10	10	15	12
14	2	12	6	11	7
15	2	11	10	10	9
setuptimes
0	10	7	14	14	8	13	7	7	2	10	5	11	11	2	2
0	0	3	4	2	8	11	7	13	14	4	7	14	6	2	12
0	15	0	14	10	15	14	15	7	12	15	7	11	15	3	13
0	11	8	0	8	5	14	2	3	7	7	8	11	14	4	8
0	6	2	11	0	4	2	15	5	1	2	10	14	3	6	7
0	5	11	13	1	0	11	8	6	2	12	12	14	1	3	11
0	14	4	13	3	1	0	4	9	2	11	7	11	12	15	7
0	6	4	13	9	15	15	0	15	10	3	2	8	14	2	12
0	15	12	3	4	6	3	5	0	10	10	2	1	11	13	6
0	5	6	2	5	4	1	15	4	0	8	6	15	1	8	8
0	5	8	7	5	5	8	2	5	12	0	3	11	6	12	13
0	3	6	13	13	2	2	14	15	11	11	0	9	15	14	6
0	4	11	14	5	15	1	13	4	1	13	4	0	11	15	3
0	2	13	2	15	8	12	1	2	15	9	10	10	0	5	1
0	6	5	2	12	14	9	7	3	13	13	1	9	1	0	11
0	2	2	4	15	4	15	5	7	9	5	5	7	10	6	0