node	machine	vehicle
4	2	1
0	40	50
1	35	41
2	23	36
3	41	39
jobs
15
1	1	6	7
2	1	8	9
3	1	5	12
4	1	6	7
5	2	14	11
6	2	3	11
7	2	2	5
8	2	7	7
9	2	13	4
10	3	5	15
11	3	10	8
12	3	2	7
13	3	3	15
14	3	11	7
15	3	11	5
setuptimes
0	12	12	4	15	1	12	7	9	1	6	5	14	7	3	10
0	0	15	12	5	13	11	13	9	10	9	14	14	7	14	11
0	3	0	3	3	13	3	10	14	1	1	5	10	3	14	10
0	13	8	0	8	2	13	14	4	10	6	15	2	4	10	12
0	3	3	7	0	2	10	10	7	13	2	11	6	3	9	3
0	10	8	4	15	0	7	3	10	7	15	6	11	5	8	8
0	15	11	1	2	6	0	4	15	2	9	10	15	14	8	10
0	1	10	1	9	3	3	0	3	5	8	9	10	5	8	10
0	11	3	8	8	8	12	4	0	9	11	15	10	12	15	9
0	13	10	8	6	7	6	6	15	0	6	14	1	8	13	7
0	4	12	12	7	10	6	1	15	13	0	12	8	9	14	6
0	4	15	10	4	11	8	11	13	5	10	0	1	15	1	13
0	11	1	8	4	5	13	2	6	12	5	4	0	15	3	6
0	10	14	13	2	3	3	9	11	11	13	11	7	0	1	10
0	13	5	1	1	8	14	10	9	9	5	10	12	8	0	8
0	6	8	2	7	15	10	7	14	5	11	6	4	6	5	0