node	machine	vehicle
3	3	1
0	40	50
1	29	62
2	39	53
jobs
15
1	1	6	5	7
2	1	2	6	14
3	1	7	15	13
4	1	15	8	9
5	1	9	2	10
6	1	13	12	6
7	2	5	15	1
8	2	7	7	11
9	2	9	5	8
10	2	12	14	10
11	2	4	4	9
12	2	3	11	7
13	2	7	4	2
14	2	14	8	7
15	2	13	3	13
setuptimes
0	12	11	13	1	4	8	11	6	4	9	14	4	9	1	3
0	0	10	3	9	2	12	12	7	3	12	12	6	12	2	4
0	13	0	2	11	14	7	3	12	7	4	6	1	4	13	14
0	13	14	0	3	8	1	1	14	14	10	13	14	8	1	14
0	2	7	8	0	14	7	14	12	12	1	1	1	9	10	4
0	3	2	14	13	0	14	10	13	15	3	8	4	10	7	2
0	9	14	1	4	2	0	4	6	12	6	7	13	5	11	12
0	6	2	4	11	7	9	0	1	2	15	6	5	10	15	13
0	4	15	5	5	6	15	12	0	5	5	3	2	11	15	9
0	8	1	12	14	10	7	3	7	0	3	10	14	6	11	5
0	14	1	11	3	3	11	14	12	10	0	5	15	8	13	3
0	15	1	2	3	3	2	7	13	14	10	0	4	1	4	5
0	15	1	14	2	5	11	10	3	14	2	14	0	2	9	13
0	4	4	9	14	4	1	3	11	12	11	10	1	0	4	2
0	8	13	15	12	10	9	14	11	13	11	10	10	11	0	5
0	13	11	6	12	3	15	11	4	5	10	12	6	6	9	0