node	machine	vehicle
3	3	1
0	40	50
1	39	25
2	42	63
jobs
15
1	1	1	9	15
2	1	13	15	7
3	1	3	1	10
4	1	3	10	4
5	1	15	12	15
6	1	5	8	1
7	2	5	7	10
8	2	8	4	10
9	2	15	9	8
10	2	5	4	13
11	2	1	4	11
12	2	2	8	5
13	2	3	8	5
14	2	4	4	11
15	2	2	13	10
setuptimes
0	5	2	2	7	6	7	2	10	1	2	6	11	13	7	11
0	0	1	6	1	1	5	9	15	9	13	11	13	14	14	13
0	10	0	14	9	15	3	5	1	8	15	3	11	9	4	9
0	10	7	0	3	2	8	7	6	9	5	3	5	9	3	15
0	6	8	2	0	11	15	12	7	7	9	3	8	9	7	9
0	8	13	2	8	0	7	8	4	15	2	12	4	9	13	11
0	13	1	15	1	1	0	7	14	2	14	10	6	6	13	14
0	4	5	15	1	12	2	0	13	9	12	14	9	3	6	1
0	6	10	10	8	2	8	12	0	12	6	11	14	4	13	5
0	15	8	15	5	2	10	2	1	0	13	13	1	1	15	10
0	12	3	6	9	10	3	6	8	8	0	4	9	12	15	8
0	7	5	9	14	8	5	11	2	9	8	0	15	8	5	7
0	8	6	13	7	11	14	3	11	4	15	7	0	3	10	9
0	8	2	10	2	2	4	13	1	10	4	13	1	0	14	14
0	1	3	6	14	1	7	14	3	9	2	9	6	13	0	6
0	6	7	3	9	1	10	10	5	10	9	4	3	12	12	0