node	machine	vehicle
3	2	1
0	40	50
1	43	51
2	43	37
jobs
15
1	1	5	7
2	1	6	8
3	1	11	4
4	1	2	11
5	1	14	9
6	1	5	5
7	2	14	15
8	2	2	12
9	2	4	7
10	2	8	10
11	2	1	15
12	2	15	8
13	2	4	3
14	2	4	5
15	2	11	13
setuptimes
0	2	4	10	12	11	14	13	9	14	7	12	12	3	8	4
0	0	12	6	15	10	8	11	12	12	13	15	13	13	15	8
0	10	0	15	15	8	7	13	8	8	3	11	2	6	15	13
0	11	3	0	11	5	9	6	6	7	15	10	4	10	13	13
0	2	12	1	0	12	8	5	4	9	10	14	9	1	6	5
0	7	8	13	10	0	12	6	10	11	5	1	5	15	4	15
0	7	3	7	8	11	0	15	4	7	4	1	5	1	10	12
0	14	8	15	2	6	2	0	12	1	1	12	11	14	4	1
0	8	12	15	5	1	14	9	0	3	8	1	5	7	4	3
0	14	2	5	6	2	11	5	4	0	6	4	9	1	4	15
0	9	1	3	8	10	5	5	9	14	0	7	10	15	10	11
0	12	8	6	1	14	13	1	12	6	14	0	3	4	13	7
0	6	5	3	1	11	11	3	13	9	14	7	0	15	13	5
0	10	6	15	12	7	14	8	6	12	7	6	12	0	4	11
0	11	5	5	11	1	5	12	5	1	4	15	13	1	0	8
0	10	14	1	11	14	8	11	12	6	3	7	10	7	13	0