node	machine	vehicle
3	3	1
0	40	50
1	22	55
2	16	35
jobs
15
1	1	14	6	3
2	1	7	2	9
3	1	11	1	9
4	1	12	12	1
5	1	12	11	8
6	1	12	8	1
7	2	7	13	2
8	2	2	11	3
9	2	9	15	15
10	2	12	15	10
11	2	2	4	12
12	2	12	14	12
13	2	1	5	1
14	2	6	5	15
15	2	7	13	1
setuptimes
0	8	3	15	8	8	13	11	4	5	11	5	11	15	6	6
0	0	12	10	7	12	13	1	12	8	4	8	12	6	11	1
0	15	0	14	10	9	12	8	1	1	14	1	1	5	3	9
0	6	1	0	8	15	9	9	8	11	9	11	3	14	12	3
0	12	5	8	0	12	14	9	14	9	15	4	1	2	13	4
0	1	12	1	5	0	10	10	15	4	6	1	4	7	7	14
0	8	9	5	11	15	0	14	11	7	11	11	3	14	1	12
0	5	15	10	2	14	9	0	7	11	4	5	10	6	3	2
0	6	15	8	6	13	12	3	0	7	6	12	3	5	8	13
0	5	9	2	15	10	8	5	2	0	12	4	5	4	10	6
0	3	13	12	14	10	8	13	3	13	0	10	2	13	12	1
0	12	12	2	15	13	15	2	6	13	13	0	6	3	11	8
0	4	11	9	14	4	4	9	2	9	2	4	0	4	7	1
0	8	4	8	10	2	3	12	13	12	15	14	7	0	13	13
0	9	7	13	13	15	11	13	12	14	3	9	13	9	0	14
0	15	14	5	2	5	1	7	7	10	2	9	1	12	2	0