node	machine	vehicle
4	2	1
0	40	50
1	57	57
2	54	47
3	35	69
jobs
15
1	1	8	7
2	1	1	7
3	1	3	10
4	1	8	14
5	2	7	15
6	2	14	12
7	2	6	5
8	2	10	5
9	2	3	14
10	3	15	7
11	3	5	14
12	3	5	9
13	3	7	6
14	3	5	10
15	3	2	1
setuptimes
0	6	6	14	12	1	1	15	15	7	4	13	9	4	15	3
0	0	2	6	8	3	9	7	5	1	7	1	2	9	1	3
0	1	0	3	8	5	15	3	13	12	8	7	10	8	4	2
0	12	9	0	12	2	12	13	8	2	2	2	6	2	7	13
0	9	3	12	0	4	5	13	15	4	4	9	6	2	2	9
0	1	9	1	8	0	14	2	5	9	4	15	12	7	6	6
0	8	5	10	5	12	0	2	12	3	9	5	9	9	12	3
0	3	12	2	7	3	6	0	6	4	13	5	1	3	6	1
0	4	3	8	3	15	7	14	0	6	9	2	12	7	13	13
0	9	11	3	2	14	13	10	10	0	9	4	6	12	11	12
0	6	6	13	13	14	10	6	9	4	0	15	11	2	5	13
0	14	4	7	3	8	15	7	15	1	2	0	13	13	14	13
0	7	12	11	1	5	7	5	15	11	1	3	0	1	8	6
0	8	4	3	2	2	8	3	6	7	10	9	10	0	6	14
0	6	5	3	3	5	10	14	15	14	8	11	13	4	0	2
0	10	14	2	14	15	2	13	3	3	11	9	6	14	7	0