node	machine	vehicle
3	3	1
0	40	50
1	45	27
2	15	74
jobs
15
1	1	5	12	12
2	1	11	8	10
3	1	10	12	15
4	1	2	5	2
5	1	14	7	5
6	1	15	11	10
7	2	6	12	13
8	2	14	9	10
9	2	14	13	7
10	2	14	1	14
11	2	13	9	12
12	2	5	2	13
13	2	11	5	5
14	2	7	4	2
15	2	8	8	8
setuptimes
0	12	1	3	12	11	6	15	13	15	9	14	10	12	2	10
0	0	1	2	7	4	1	6	6	8	13	4	1	1	13	1
0	5	0	7	2	6	1	7	4	9	4	9	13	5	11	8
0	15	7	0	1	15	4	9	9	10	4	11	14	5	13	14
0	15	15	12	0	2	2	1	5	14	8	4	5	14	9	6
0	9	9	5	3	0	10	11	2	1	7	7	13	13	1	4
0	9	4	15	15	9	0	5	6	7	13	10	12	12	4	7
0	4	3	6	3	7	1	0	9	1	10	3	2	3	13	10
0	13	13	3	2	14	3	11	0	10	11	4	5	6	3	13
0	4	10	10	4	4	15	6	12	0	6	14	5	7	11	9
0	10	6	8	1	9	12	4	9	7	0	4	8	5	3	13
0	14	2	3	1	6	3	6	10	5	12	0	9	7	3	12
0	4	14	10	6	2	9	1	14	13	10	13	0	12	4	3
0	8	7	6	10	4	1	1	13	7	2	3	11	0	13	6
0	13	7	14	11	9	9	3	1	3	4	5	7	6	0	12
0	14	13	9	8	2	15	1	10	9	3	4	3	3	12	0