node	machine	vehicle
4	3	1
0	40	50
1	31	41
2	47	30
3	59	41
jobs
15
1	1	2	3	7
2	1	10	8	12
3	1	12	1	8
4	1	15	13	7
5	2	12	7	13
6	2	13	9	11
7	2	11	2	7
8	2	4	12	14
9	2	1	8	11
10	3	2	11	4
11	3	6	14	6
12	3	9	12	13
13	3	14	2	3
14	3	13	10	1
15	3	15	6	1
setuptimes
0	15	8	11	15	13	6	5	6	11	8	12	13	4	15	4
0	0	5	15	5	6	5	4	2	1	6	14	6	1	3	1
0	15	0	10	7	10	1	6	15	11	1	1	15	11	2	2
0	11	11	0	2	1	4	4	12	13	6	6	1	8	13	13
0	2	4	11	0	13	15	3	1	8	11	12	15	6	3	5
0	7	5	6	12	0	9	15	3	15	11	8	1	10	2	8
0	5	8	12	2	12	0	6	3	15	10	4	14	2	2	5
0	12	5	12	12	11	1	0	7	2	11	11	2	15	15	3
0	1	2	8	12	8	14	12	0	3	8	3	1	6	10	8
0	9	1	1	14	7	5	5	14	0	5	11	14	14	9	6
0	14	5	2	13	9	11	9	9	11	0	8	3	4	5	1
0	12	10	5	14	2	11	2	13	5	9	0	8	4	13	10
0	3	6	10	4	5	12	9	11	1	6	12	0	13	13	8
0	5	12	5	1	10	11	4	12	6	6	7	14	0	11	5
0	9	13	12	13	8	1	11	11	7	15	15	14	12	0	7
0	15	8	5	4	7	14	4	11	14	6	9	2	5	13	0