node	machine	vehicle
3	3	1
0	40	50
1	50	42
2	31	72
jobs
15
1	1	9	1	13
2	1	8	5	10
3	1	5	15	14
4	1	12	1	12
5	1	2	3	12
6	1	12	12	3
7	2	11	8	2
8	2	12	13	9
9	2	5	10	15
10	2	13	15	5
11	2	11	11	6
12	2	10	10	9
13	2	8	13	12
14	2	2	3	15
15	2	7	9	12
setuptimes
0	14	12	10	13	3	4	5	11	9	11	10	8	1	15	8
0	0	15	4	14	4	2	5	12	4	1	1	5	6	4	5
0	4	0	6	10	13	10	1	3	14	15	5	10	11	15	12
0	11	4	0	2	15	9	13	8	15	11	13	14	12	8	6
0	1	4	9	0	9	1	9	2	15	2	7	4	15	8	13
0	6	14	11	5	0	11	5	13	1	1	14	4	7	7	13
0	9	13	14	14	5	0	1	12	10	8	6	12	5	7	9
0	2	5	11	4	1	1	0	7	8	10	6	4	4	2	5
0	14	14	4	10	13	9	2	0	6	7	4	9	5	9	1
0	5	3	1	15	1	4	14	7	0	5	7	10	2	4	12
0	14	9	9	11	14	6	13	11	4	0	8	9	9	11	5
0	2	14	15	4	12	8	9	5	14	13	0	10	10	10	8
0	7	5	6	10	9	1	11	15	8	13	15	0	7	13	7
0	8	7	4	11	3	4	14	12	15	4	13	3	0	11	13
0	3	10	5	8	4	6	11	3	2	6	7	1	8	0	5
0	12	14	3	13	6	5	11	12	10	9	1	13	4	1	0