node	machine	vehicle
4	2	1
0	40	50
1	47	44
2	17	47
3	17	56
jobs
15
1	1	6	1
2	1	13	5
3	1	7	15
4	1	15	3
5	2	8	12
6	2	1	5
7	2	15	1
8	2	2	13
9	2	7	13
10	3	4	12
11	3	14	1
12	3	15	1
13	3	14	12
14	3	14	15
15	3	10	13
setuptimes
0	8	2	3	13	11	7	15	1	5	6	7	6	2	7	1
0	0	14	1	2	10	12	6	4	15	5	15	13	5	9	5
0	9	0	11	7	5	11	11	8	10	2	8	15	4	8	14
0	7	1	0	13	12	13	6	2	1	13	7	11	4	8	11
0	14	2	14	0	1	1	1	1	9	15	8	10	8	4	13
0	1	11	2	15	0	14	10	12	10	3	6	9	8	3	11
0	2	1	15	14	6	0	9	3	5	9	3	4	10	6	6
0	8	14	6	4	11	8	0	10	9	12	4	3	1	15	7
0	4	3	11	3	12	3	13	0	14	8	7	11	11	6	12
0	12	8	13	13	1	1	3	7	0	12	8	6	11	13	11
0	6	7	12	12	5	13	1	9	10	0	3	2	8	15	4
0	1	5	8	3	15	11	10	15	8	1	0	5	9	4	7
0	5	13	12	12	12	13	4	2	11	1	1	0	13	12	3
0	10	10	15	12	7	8	11	12	6	7	14	8	0	11	4
0	14	12	13	7	10	6	4	3	1	15	14	10	15	0	9
0	4	3	3	8	6	13	9	9	4	13	13	6	11	9	0