node	machine	vehicle
4	2	1
0	40	50
1	54	63
2	38	71
3	45	52
jobs
15
1	1	5	15
2	1	15	15
3	1	15	7
4	1	9	10
5	2	13	6
6	2	5	14
7	2	4	9
8	2	11	10
9	2	15	12
10	3	5	11
11	3	10	10
12	3	11	15
13	3	3	5
14	3	1	9
15	3	14	5
setuptimes
0	7	7	2	3	3	4	2	2	15	9	6	2	14	6	3
0	0	1	8	14	5	2	12	2	15	12	9	8	2	1	4
0	9	0	7	15	11	11	12	1	2	3	6	14	4	12	8
0	10	7	0	10	12	8	13	1	14	5	10	5	14	1	4
0	5	6	10	0	11	2	15	2	13	5	10	4	12	10	15
0	7	6	4	4	0	6	8	12	13	7	4	11	13	7	6
0	14	12	15	6	4	0	15	3	6	8	8	11	9	5	5
0	12	13	10	7	15	15	0	9	12	5	3	4	2	10	4
0	5	14	4	9	9	3	8	0	9	15	2	10	2	14	13
0	8	8	5	8	12	5	14	5	0	5	15	7	9	13	11
0	8	1	6	5	3	4	5	13	3	0	6	15	6	12	9
0	13	1	12	12	7	7	5	15	9	2	0	5	12	2	2
0	6	5	6	12	13	13	5	14	10	7	15	0	4	4	10
0	5	8	14	15	12	3	12	13	2	7	3	8	0	4	8
0	9	15	2	1	1	15	9	12	14	9	13	15	10	0	12
0	5	12	4	5	5	13	14	2	7	11	15	3	13	14	0