node	machine	vehicle
4	4	1
0	40	50
1	32	56
2	49	61
3	29	50
jobs
15
1	1	12	5	10	12
2	1	9	11	12	11
3	1	14	8	3	4
4	1	1	12	8	11
5	2	11	9	9	9
6	2	11	7	1	12
7	2	9	11	9	6
8	2	10	1	15	5
9	2	9	15	2	1
10	3	5	14	8	13
11	3	4	3	9	11
12	3	1	10	10	12
13	3	12	4	8	1
14	3	14	14	14	12
15	3	11	12	8	13
setuptimes
0	9	11	15	4	4	10	9	13	13	1	4	12	1	8	3
0	0	2	1	3	5	12	9	3	2	14	13	10	10	14	1
0	7	0	15	9	13	6	11	12	9	10	8	6	14	8	1
0	3	11	0	1	10	9	5	5	13	4	11	2	7	2	5
0	6	1	1	0	4	9	14	10	4	7	6	3	2	7	8
0	14	13	12	11	0	6	1	9	4	5	11	14	8	14	8
0	4	6	1	11	5	0	1	8	15	5	7	7	15	3	9
0	13	9	12	1	4	12	0	9	15	1	7	7	5	15	10
0	11	4	13	10	5	1	3	0	6	8	9	10	13	2	2
0	7	9	15	2	5	2	8	1	0	3	3	3	2	3	10
0	15	12	2	11	13	13	5	3	15	0	1	15	13	14	9
0	3	1	11	4	7	9	6	7	8	1	0	4	5	2	13
0	13	9	8	1	5	1	15	12	15	8	1	0	14	4	13
0	5	14	15	2	13	5	5	15	13	1	11	9	0	11	8
0	3	14	13	1	8	13	1	11	13	15	12	7	9	0	14
0	15	10	8	5	12	6	11	10	12	5	14	2	8	10	0