node	machine	vehicle
4	3	1
0	40	50
1	62	67
2	61	30
3	55	50
jobs
15
1	1	8	11	5
2	1	3	13	3
3	1	6	15	3
4	1	2	4	4
5	2	14	11	14
6	2	13	8	11
7	2	15	12	2
8	2	11	9	5
9	2	4	1	1
10	3	7	5	13
11	3	11	14	15
12	3	2	10	2
13	3	4	10	13
14	3	3	2	8
15	3	5	2	3
setuptimes
0	4	10	15	12	14	7	14	12	14	6	7	10	5	13	14
0	0	7	15	9	14	9	5	12	11	14	3	1	12	13	13
0	13	0	4	14	1	12	12	14	5	11	8	8	9	15	15
0	15	14	0	6	2	14	5	14	3	1	9	3	9	10	13
0	1	7	9	0	13	8	3	11	11	1	6	7	7	13	8
0	10	7	3	5	0	15	5	13	15	14	9	2	8	5	2
0	7	11	13	8	5	0	1	12	7	15	9	14	3	3	4
0	14	11	13	11	10	3	0	2	9	11	15	6	15	14	7
0	8	13	6	9	12	9	14	0	15	7	13	1	9	13	2
0	15	5	4	2	8	3	2	15	0	7	6	4	2	5	4
0	12	5	6	3	14	9	9	9	7	0	12	6	11	6	4
0	7	3	6	14	4	12	5	6	4	4	0	4	10	11	7
0	15	9	2	14	14	5	2	10	10	5	11	0	5	6	3
0	4	10	14	3	12	11	1	8	9	9	11	10	0	14	6
0	3	9	6	1	3	15	5	10	3	3	3	2	12	0	6
0	10	6	1	1	5	2	14	5	7	8	6	14	8	9	0