node	machine	vehicle
3	3	1
0	40	50
1	53	26
2	23	27
jobs
15
1	1	15	12	1
2	1	6	4	14
3	1	3	4	15
4	1	13	3	12
5	1	5	4	5
6	1	2	11	13
7	2	10	6	7
8	2	14	15	11
9	2	11	3	9
10	2	5	11	5
11	2	3	10	4
12	2	4	13	2
13	2	12	14	6
14	2	5	3	5
15	2	2	5	11
setuptimes
0	11	4	13	8	14	3	14	9	15	7	3	12	1	6	2
0	0	7	2	1	14	13	3	15	7	13	11	14	2	12	3
0	2	0	11	6	10	7	15	8	11	4	5	1	14	7	8
0	12	4	0	11	13	13	4	7	2	7	9	3	8	3	9
0	13	6	11	0	9	6	1	2	3	1	15	10	4	8	11
0	13	4	5	2	0	12	14	5	3	9	3	14	13	13	1
0	14	1	15	11	5	0	5	7	7	11	9	5	13	12	10
0	5	10	11	11	9	9	0	6	13	11	1	14	11	11	7
0	3	1	8	6	3	7	8	0	5	12	12	11	11	7	13
0	7	8	5	4	4	7	14	7	0	14	3	12	11	6	12
0	14	5	6	11	9	5	12	15	2	0	6	2	7	8	2
0	10	13	10	9	1	8	8	9	9	7	0	15	12	11	15
0	13	8	15	7	10	6	11	8	4	13	14	0	9	13	4
0	1	7	7	14	14	14	15	7	4	10	9	6	0	12	2
0	1	11	10	5	2	7	5	4	11	2	13	10	14	0	13
0	15	9	8	8	5	13	5	6	7	6	11	8	13	1	0