node	machine	vehicle
4	3	1
0	40	50
1	65	57
2	57	29
3	39	67
jobs
15
1	1	15	12	5
2	1	2	15	3
3	1	14	9	1
4	1	15	12	12
5	2	9	10	14
6	2	2	14	15
7	2	9	14	9
8	2	4	8	3
9	2	14	10	12
10	3	2	9	12
11	3	6	6	11
12	3	10	5	14
13	3	14	1	10
14	3	1	4	8
15	3	8	5	7
setuptimes
0	7	5	2	10	5	7	5	3	13	15	14	8	10	10	8
0	0	6	13	13	3	2	5	3	6	6	1	5	1	10	1
0	4	0	7	10	14	3	4	9	1	14	13	5	13	7	10
0	6	2	0	2	5	1	13	2	2	13	12	10	14	10	11
0	3	2	15	0	13	10	7	8	1	4	15	4	1	4	1
0	12	3	8	5	0	14	15	4	3	2	9	3	5	6	13
0	8	4	9	12	10	0	5	3	7	2	8	11	14	4	1
0	13	14	9	5	12	2	0	4	8	3	2	5	1	1	5
0	9	15	13	8	10	15	14	0	10	4	4	11	15	3	1
0	9	7	3	3	15	11	2	6	0	3	12	11	14	1	4
0	3	5	4	7	8	13	14	1	3	0	11	7	6	5	7
0	15	7	2	9	2	12	12	11	6	4	0	5	7	10	4
0	10	15	9	2	10	1	2	10	6	8	1	0	14	13	15
0	8	10	5	6	1	15	5	8	11	7	15	5	0	2	6
0	1	13	2	7	4	6	14	4	15	9	10	1	13	0	12
0	10	6	10	4	3	7	10	3	14	15	5	13	10	7	0