node	machine	vehicle
4	4	1
0	40	50
1	22	74
2	33	36
3	61	67
jobs
15
1	1	14	15	8	7
2	1	9	13	15	10
3	1	13	15	8	14
4	1	5	5	1	11
5	2	9	5	12	5
6	2	13	3	3	11
7	2	10	9	3	10
8	2	4	15	12	5
9	2	11	8	9	5
10	3	1	5	1	1
11	3	15	7	6	9
12	3	13	15	10	15
13	3	15	8	11	1
14	3	2	12	12	6
15	3	10	7	11	14
setuptimes
0	6	4	7	15	3	8	12	14	9	7	15	7	10	2	6
0	0	10	4	5	5	14	12	1	7	8	11	7	6	4	15
0	2	0	14	13	10	4	8	4	8	11	7	14	9	13	12
0	6	8	0	14	5	4	12	9	4	1	1	9	1	1	12
0	8	11	6	0	15	1	4	12	7	2	4	13	7	7	15
0	11	4	9	15	0	10	10	5	14	12	11	12	9	13	6
0	13	1	8	4	7	0	12	12	10	5	4	11	5	5	8
0	1	8	3	7	6	3	0	9	12	14	4	12	14	15	3
0	11	12	11	6	9	1	13	0	6	7	2	1	7	10	7
0	12	13	5	12	2	4	7	12	0	1	14	5	12	10	5
0	8	14	11	11	1	13	7	14	12	0	13	7	11	3	13
0	12	10	12	3	2	2	11	8	4	10	0	12	5	14	9
0	1	12	15	5	5	15	1	6	3	3	3	0	8	15	10
0	13	15	11	9	10	8	14	10	3	4	3	4	0	7	10
0	5	9	5	2	14	2	9	11	15	5	9	1	15	0	14
0	12	5	10	12	13	14	9	4	4	1	4	11	6	10	0