node	machine	vehicle
3	3	1
0	40	50
1	34	31
2	33	46
jobs
15
1	1	11	3	11
2	1	1	15	12
3	1	7	13	6
4	1	14	8	2
5	1	8	3	11
6	1	8	11	9
7	2	3	14	4
8	2	12	15	7
9	2	12	11	10
10	2	15	13	9
11	2	15	3	6
12	2	4	9	5
13	2	14	6	7
14	2	2	1	5
15	2	10	5	9
setuptimes
0	2	14	5	11	12	8	10	15	9	4	10	2	6	2	11
0	0	14	12	5	13	11	5	8	12	9	11	10	11	12	4
0	9	0	9	8	10	3	4	2	3	15	5	2	11	6	11
0	8	9	0	3	3	8	11	2	15	7	5	8	6	7	13
0	3	4	10	0	12	12	10	13	15	1	4	13	1	10	14
0	14	11	3	15	0	7	5	6	9	2	1	6	13	10	11
0	5	11	14	4	11	0	15	12	7	15	4	13	2	6	12
0	14	1	1	6	13	15	0	2	8	9	6	14	14	14	12
0	5	14	5	13	10	9	4	0	11	8	2	2	3	4	6
0	13	2	11	1	6	4	6	6	0	12	14	13	4	10	9
0	6	9	7	10	15	3	3	1	12	0	5	10	15	11	5
0	14	10	2	4	7	5	11	4	14	7	0	7	2	14	8
0	14	8	15	13	12	15	8	13	3	5	4	0	10	9	10
0	15	14	6	10	8	15	9	14	15	8	8	10	0	7	6
0	10	5	9	6	11	10	2	6	10	4	5	7	12	0	13
0	9	2	15	15	8	15	8	14	15	5	12	13	13	2	0