node	machine	vehicle
3	4	1
0	40	50
1	16	46
2	49	27
jobs
15
1	1	4	9	4	10
2	1	11	3	4	5
3	1	13	13	8	5
4	1	10	4	8	10
5	1	6	2	13	8
6	1	8	8	14	7
7	2	1	14	1	5
8	2	2	1	9	15
9	2	9	3	14	5
10	2	10	4	11	15
11	2	12	9	1	15
12	2	12	4	14	15
13	2	11	13	5	2
14	2	2	11	6	11
15	2	2	4	5	3
setuptimes
0	3	3	2	1	9	12	8	13	11	3	6	13	14	3	14
0	0	13	14	12	3	10	15	9	10	6	8	3	7	4	3
0	8	0	12	9	1	2	13	15	7	6	12	3	10	13	1
0	15	12	0	3	8	12	15	14	11	3	6	5	3	7	5
0	9	6	14	0	10	3	13	1	3	4	3	15	2	14	4
0	3	7	13	5	0	12	7	9	6	5	6	8	6	8	3
0	6	8	10	5	15	0	5	6	7	9	2	7	13	6	3
0	2	15	10	2	14	15	0	10	7	7	2	3	12	10	3
0	15	6	13	8	10	1	14	0	11	9	4	14	8	15	6
0	14	5	15	9	6	7	2	3	0	3	10	13	6	7	4
0	4	4	4	9	5	5	12	2	4	0	9	7	14	5	13
0	8	2	3	5	3	15	3	6	3	2	0	12	12	13	2
0	13	6	2	8	4	7	8	14	15	2	15	0	7	8	2
0	6	14	1	13	9	2	4	8	1	10	7	1	0	13	11
0	3	12	15	11	15	9	3	2	12	15	9	3	4	0	2
0	10	8	10	10	2	14	12	3	9	13	11	4	13	15	0