node	machine	vehicle
4	4	1
0	40	50
1	25	51
2	41	60
3	17	49
jobs
10
1	1	12	12	10	1
2	1	7	1	1	9
3	2	3	6	12	4
4	2	12	15	14	9
5	2	6	3	1	6
6	3	11	4	4	15
7	3	2	12	2	13
8	3	15	4	11	9
9	3	10	15	9	7
10	3	11	13	5	4
setuptimes
0	13	10	12	13	7	11	14	12	13	14
0	0	1	5	10	13	2	7	13	8	3
0	5	0	11	10	1	6	4	3	7	14
0	13	2	0	11	11	5	2	6	12	15
0	9	9	1	0	2	8	7	10	9	15
0	4	10	13	14	0	8	10	3	15	6
0	5	8	7	4	2	0	14	5	13	7
0	4	10	15	9	15	4	0	15	3	13
0	13	9	10	3	14	1	10	0	5	10
0	2	2	10	2	2	4	10	15	0	5
0	8	11	12	4	14	10	7	6	9	0