node	machine	vehicle
3	4	1
0	40	50
1	56	47
2	18	69
jobs
15
1	1	7	15	13	11
2	1	7	5	7	1
3	1	14	10	10	11
4	1	6	12	11	6
5	1	13	2	9	15
6	1	4	4	5	15
7	2	11	6	2	8
8	2	10	8	4	5
9	2	4	8	9	13
10	2	10	5	11	15
11	2	2	12	10	15
12	2	15	12	15	10
13	2	7	15	12	10
14	2	4	13	8	11
15	2	15	10	7	4
setuptimes
0	1	14	6	12	9	7	8	14	15	13	12	11	3	11	13
0	0	3	3	9	10	4	4	3	8	5	4	7	4	9	8
0	8	0	2	3	3	14	4	5	12	14	14	11	15	8	11
0	7	15	0	14	2	9	12	15	14	11	1	8	10	14	15
0	1	3	2	0	7	1	5	12	2	3	4	11	2	9	6
0	12	7	4	1	0	10	4	8	7	10	11	10	6	4	13
0	2	3	14	1	7	0	8	5	7	5	10	8	12	12	14
0	1	11	2	9	11	12	0	14	4	6	14	12	12	11	11
0	14	5	7	7	11	11	15	0	9	7	14	11	2	10	3
0	15	13	14	6	15	6	12	11	0	8	1	13	2	7	15
0	15	11	10	9	6	8	6	9	4	0	2	3	5	12	12
0	10	7	10	15	7	13	1	10	2	14	0	3	13	8	7
0	13	15	7	11	15	5	11	4	14	5	10	0	15	1	1
0	12	13	9	15	9	13	11	13	14	8	13	15	0	2	6
0	6	3	6	8	3	5	10	12	13	7	4	4	13	0	4
0	10	5	15	12	2	2	7	13	2	1	6	12	3	13	0