node	machine	vehicle
4	3	1
0	40	50
1	52	44
2	64	27
3	39	66
jobs
15
1	1	5	2	5
2	1	11	10	10
3	1	15	4	12
4	1	14	13	4
5	2	12	8	9
6	2	14	7	6
7	2	1	1	1
8	2	9	7	15
9	2	14	12	12
10	3	9	11	8
11	3	3	9	3
12	3	6	7	7
13	3	6	5	8
14	3	4	2	4
15	3	1	11	6
setuptimes
0	2	6	4	2	8	5	13	15	4	10	15	6	5	3	4
0	0	9	5	1	8	6	3	5	10	3	8	6	14	13	9
0	13	0	8	4	10	15	15	11	2	3	12	15	13	1	15
0	13	6	0	14	11	4	12	3	15	2	8	1	11	10	7
0	11	11	14	0	14	10	14	4	11	14	10	6	12	15	14
0	5	10	12	12	0	11	11	6	14	9	13	10	1	12	6
0	7	3	9	10	11	0	1	6	15	9	12	14	6	5	8
0	12	3	14	7	13	9	0	12	2	7	10	10	13	6	12
0	14	12	3	12	5	13	2	0	1	15	10	2	14	4	7
0	9	8	7	13	10	9	7	5	0	10	13	1	15	1	3
0	12	10	13	11	15	9	7	12	5	0	1	13	8	8	3
0	13	3	1	11	11	7	5	8	2	10	0	10	6	4	10
0	12	14	15	1	15	12	1	11	6	8	12	0	10	11	12
0	10	10	12	14	3	7	8	2	6	3	9	11	0	1	10
0	2	14	9	15	13	14	1	4	11	11	2	8	12	0	5
0	13	13	3	11	3	7	14	1	6	11	1	1	11	2	0