node	machine	vehicle
3	4	1
0	40	50
1	34	66
2	36	49
jobs
15
1	1	11	3	8	3
2	1	5	13	2	3
3	1	15	7	11	12
4	1	15	7	3	14
5	1	15	3	1	3
6	1	7	9	3	2
7	2	8	12	8	15
8	2	3	1	11	6
9	2	1	7	10	11
10	2	8	6	2	11
11	2	9	5	9	3
12	2	9	6	11	4
13	2	7	4	12	9
14	2	15	1	8	14
15	2	9	9	3	2
setuptimes
0	13	1	4	7	4	4	1	3	12	3	8	12	1	12	13
0	0	8	6	5	9	7	3	8	11	6	2	2	1	9	14
0	13	0	9	4	6	6	3	5	9	11	6	3	14	8	7
0	7	13	0	9	9	13	13	8	8	2	11	5	7	10	10
0	3	10	12	0	5	2	3	5	8	13	8	9	4	4	10
0	6	13	13	13	0	8	1	3	8	3	9	12	7	12	1
0	9	12	9	1	8	0	14	1	4	8	5	11	10	15	11
0	11	5	12	4	7	8	0	1	2	13	1	11	5	6	1
0	5	11	7	1	4	13	8	0	11	12	5	13	3	8	13
0	13	10	14	4	3	5	12	1	0	11	4	3	8	7	14
0	2	10	2	10	7	11	2	2	10	0	2	3	1	5	7
0	5	3	9	15	4	12	15	9	13	13	0	7	6	15	12
0	2	13	8	4	10	2	3	9	15	5	1	0	14	7	6
0	8	1	6	5	1	7	1	5	14	2	6	12	0	5	7
0	8	14	5	13	8	3	7	12	6	3	13	4	5	0	5
0	9	15	2	9	11	5	8	6	5	4	11	3	10	10	0