node	machine	vehicle
4	4	1
0	40	50
1	43	74
2	56	47
3	61	39
jobs
15
1	1	4	3	6	7
2	1	2	12	6	2
3	1	3	11	13	14
4	1	9	3	1	15
5	2	1	8	6	8
6	2	15	3	4	12
7	2	13	2	9	14
8	2	3	10	7	5
9	2	13	3	15	13
10	3	14	10	8	13
11	3	8	9	5	10
12	3	11	13	8	15
13	3	11	3	7	14
14	3	1	10	8	12
15	3	14	15	8	7
setuptimes
0	3	5	12	14	13	15	10	8	1	9	12	15	12	12	2
0	0	4	6	14	4	6	4	11	13	8	2	11	8	5	8
0	8	0	13	5	11	14	7	8	9	5	14	11	4	12	10
0	5	1	0	5	3	9	5	1	11	15	8	9	13	4	15
0	10	2	6	0	15	5	11	1	7	4	14	11	14	15	1
0	15	1	14	13	0	15	10	7	1	2	9	14	10	12	9
0	11	15	10	9	15	0	14	2	12	9	6	1	15	15	15
0	10	9	13	12	12	5	0	7	3	2	8	13	7	4	5
0	7	1	3	12	7	15	13	0	15	15	10	8	11	9	4
0	7	11	6	6	3	9	10	1	0	10	5	2	12	14	14
0	9	14	4	5	1	4	6	11	1	0	10	3	3	1	3
0	1	14	15	14	14	14	9	13	11	7	0	2	14	10	2
0	11	15	9	10	7	10	9	2	11	12	14	0	2	9	5
0	9	3	13	14	15	10	14	6	6	9	8	7	0	11	15
0	6	12	6	15	1	4	1	1	14	5	8	4	15	0	13
0	15	7	6	6	12	8	7	5	5	1	11	6	6	15	0