node	machine	vehicle
3	2	1
0	40	50
1	46	72
2	33	41
jobs
15
1	1	7	8
2	1	5	10
3	1	10	13
4	1	7	14
5	1	1	12
6	1	9	5
7	2	1	13
8	2	7	13
9	2	3	2
10	2	9	2
11	2	9	5
12	2	14	5
13	2	15	1
14	2	2	3
15	2	10	14
setuptimes
0	8	1	10	7	12	9	9	1	9	6	10	4	4	4	9
0	0	10	14	7	5	14	11	2	1	3	10	2	2	4	10
0	9	0	6	11	13	6	14	13	10	15	15	1	8	5	12
0	5	3	0	7	14	5	12	13	12	6	12	4	8	7	9
0	10	3	3	0	12	10	8	2	12	8	1	9	14	7	14
0	2	9	15	8	0	14	13	11	1	6	5	13	9	9	7
0	8	11	1	6	3	0	11	2	14	1	15	2	5	11	13
0	4	12	5	15	9	3	0	15	15	5	14	14	14	12	15
0	14	13	15	7	12	12	9	0	6	15	7	12	12	7	3
0	4	15	14	8	11	11	11	6	0	9	14	12	15	11	13
0	1	13	3	7	6	14	8	4	14	0	13	6	9	7	10
0	10	12	5	6	1	8	10	14	8	6	0	14	10	8	6
0	3	10	11	9	9	2	15	13	10	14	2	0	13	2	10
0	14	13	10	7	4	3	13	4	14	3	5	8	0	9	8
0	13	13	12	3	11	15	1	14	9	7	4	15	10	0	2
0	4	3	12	6	1	10	3	15	10	10	6	15	5	7	0