node	machine	vehicle
4	2	1
0	40	50
1	28	57
2	51	54
3	23	75
jobs
15
1	1	4	12
2	1	3	6
3	1	12	1
4	1	13	1
5	2	1	12
6	2	2	15
7	2	14	15
8	2	14	9
9	2	3	14
10	3	15	6
11	3	6	6
12	3	2	13
13	3	2	12
14	3	6	14
15	3	13	2
setuptimes
0	3	1	15	14	4	8	4	10	11	3	9	11	8	14	15
0	0	10	3	7	12	11	1	14	2	1	7	8	14	11	9
0	14	0	6	9	10	1	5	3	5	8	2	14	6	10	5
0	13	15	0	8	7	6	3	11	2	9	6	12	2	4	15
0	8	3	8	0	7	8	14	1	3	8	14	15	8	13	12
0	1	5	4	15	0	1	6	8	1	15	7	13	2	3	13
0	10	14	6	13	15	0	13	3	13	9	10	3	8	6	10
0	5	6	6	5	1	11	0	7	13	10	2	10	3	6	13
0	7	2	13	1	15	1	2	0	12	3	11	7	14	6	7
0	12	11	3	7	5	5	11	5	0	1	13	9	8	10	15
0	4	13	6	10	11	13	15	7	8	0	15	12	11	10	5
0	3	1	6	15	13	15	2	7	15	6	0	7	4	13	6
0	1	3	14	6	12	1	4	3	13	4	12	0	5	15	4
0	7	2	15	5	5	12	1	2	8	8	11	11	0	12	9
0	13	10	14	1	7	4	10	12	6	10	1	4	3	0	14
0	4	13	2	10	15	15	2	14	10	2	4	4	1	10	0