node	machine	vehicle
4	3	1
0	40	50
1	30	74
2	61	63
3	52	37
jobs
15
1	1	4	12	3
2	1	5	13	4
3	1	9	10	12
4	1	5	13	4
5	2	6	8	13
6	2	6	15	6
7	2	6	6	11
8	2	1	3	8
9	2	14	5	8
10	3	14	8	10
11	3	4	2	10
12	3	15	6	7
13	3	8	14	6
14	3	5	4	1
15	3	1	12	13
setuptimes
0	13	8	8	14	7	3	6	12	8	3	7	12	9	15	3
0	0	1	3	13	2	7	10	12	4	6	15	13	9	15	14
0	12	0	5	7	3	1	9	13	9	11	3	13	9	4	7
0	14	10	0	8	9	5	14	1	6	8	9	1	3	15	5
0	10	15	2	0	13	1	3	9	4	6	10	6	9	6	8
0	13	15	13	5	0	14	1	1	7	9	4	2	11	7	6
0	11	12	3	12	15	0	8	15	15	12	11	5	2	13	12
0	15	5	3	6	14	2	0	12	14	1	2	11	6	10	7
0	1	7	6	2	9	8	2	0	12	14	14	15	4	6	5
0	7	3	6	15	2	11	8	13	0	11	3	3	6	6	12
0	14	13	13	12	7	12	7	9	11	0	8	12	12	5	5
0	14	14	14	8	11	4	12	7	1	5	0	14	12	5	12
0	1	7	7	11	11	12	9	13	2	9	7	0	3	10	6
0	3	12	13	6	5	10	12	11	4	4	8	4	0	11	9
0	14	15	8	13	14	9	1	3	8	5	7	1	7	0	7
0	3	10	4	7	7	7	1	11	5	10	15	7	13	2	0