node	machine	vehicle
3	4	1
0	40	50
1	45	40
2	19	45
jobs
15
1	1	12	15	12	15
2	1	13	7	7	7
3	1	8	12	3	11
4	1	14	2	15	13
5	1	10	4	1	13
6	1	9	11	10	13
7	2	11	11	5	7
8	2	13	4	15	12
9	2	5	15	8	12
10	2	8	12	1	4
11	2	7	4	4	4
12	2	12	14	3	3
13	2	12	11	15	10
14	2	13	5	14	14
15	2	14	7	3	9
setuptimes
0	15	11	2	7	2	3	5	10	15	2	13	7	7	11	5
0	0	12	15	7	6	6	4	12	4	6	1	4	15	5	11
0	4	0	3	4	1	4	2	5	11	15	8	5	2	2	14
0	3	11	0	9	11	4	1	13	3	7	13	14	12	12	8
0	3	3	12	0	5	6	2	1	3	7	15	9	5	12	12
0	13	3	12	6	0	3	4	12	14	7	3	2	1	14	14
0	15	2	5	12	15	0	14	7	8	4	3	12	3	9	2
0	7	2	14	10	14	2	0	3	2	1	11	11	10	8	6
0	2	5	6	14	9	6	6	0	9	2	3	10	9	7	4
0	6	4	6	3	12	2	2	2	0	5	5	6	14	9	6
0	5	7	1	12	7	11	9	15	13	0	15	1	10	7	15
0	1	5	14	5	14	3	15	9	7	10	0	5	8	4	11
0	11	14	6	11	14	11	1	2	4	7	15	0	4	10	4
0	1	3	11	6	12	6	9	1	12	4	12	4	0	3	15
0	14	9	12	11	10	7	10	14	3	14	4	2	1	0	1
0	1	7	6	4	8	8	6	15	7	12	11	2	7	3	0