node	machine	vehicle
4	4	1
0	40	50
1	37	72
2	32	27
3	65	51
jobs
15
1	1	1	4	2	14
2	1	3	12	4	15
3	1	15	7	13	6
4	1	8	5	4	10
5	2	15	15	8	5
6	2	11	13	6	15
7	2	6	13	11	7
8	2	10	6	9	8
9	2	4	5	1	3
10	3	1	2	6	11
11	3	12	1	14	10
12	3	2	15	15	4
13	3	10	3	4	12
14	3	8	1	10	1
15	3	12	6	6	4
setuptimes
0	9	3	8	1	4	2	5	12	13	15	11	10	1	1	8
0	0	10	10	2	15	1	14	14	8	13	11	6	7	9	1
0	10	0	2	11	11	12	6	4	14	13	12	13	2	6	5
0	8	1	0	3	15	11	3	4	13	15	15	2	2	7	10
0	3	14	1	0	2	10	1	12	4	12	8	8	7	12	5
0	13	15	2	5	0	3	5	2	8	4	3	6	14	3	14
0	4	8	4	14	6	0	2	11	6	9	4	8	7	1	6
0	2	5	10	13	15	10	0	1	11	3	11	12	14	13	2
0	4	2	9	14	2	15	13	0	8	15	4	10	12	15	15
0	1	13	7	4	6	4	4	7	0	11	12	4	12	7	10
0	7	2	10	2	10	5	4	7	2	0	10	14	7	7	7
0	7	5	6	2	3	1	8	15	14	15	0	14	2	6	14
0	9	2	1	6	12	9	1	6	3	1	9	0	10	2	3
0	10	11	10	12	6	5	11	12	14	4	11	1	0	12	9
0	14	14	6	7	15	14	10	11	14	9	6	7	12	0	10
0	13	8	2	1	12	6	14	7	1	9	6	4	5	5	0