node	machine	vehicle
4	4	1
0	40	50
1	19	44
2	29	68
3	27	36
jobs
15
1	1	6	11	9	9
2	1	14	8	14	5
3	1	4	4	6	15
4	1	7	14	12	9
5	2	8	13	10	11
6	2	8	8	11	2
7	2	4	14	5	5
8	2	4	2	10	11
9	2	3	10	2	6
10	3	8	13	8	6
11	3	13	13	7	5
12	3	15	5	14	6
13	3	13	4	4	3
14	3	3	10	15	14
15	3	12	9	12	3
setuptimes
0	9	3	12	1	9	15	14	9	3	12	3	5	3	2	8
0	0	7	2	8	3	6	9	15	3	5	12	10	12	4	13
0	5	0	15	4	13	10	13	12	1	3	11	11	7	13	14
0	5	3	0	10	3	8	5	6	12	5	14	7	5	15	10
0	3	7	4	0	2	13	5	13	4	3	11	8	8	9	8
0	1	11	11	1	0	4	14	11	2	7	6	10	7	2	3
0	12	3	3	5	6	0	5	2	4	6	1	1	8	5	8
0	1	14	2	7	5	1	0	12	4	1	14	15	4	1	15
0	5	13	12	14	12	4	3	0	5	11	6	7	4	4	11
0	5	5	1	7	15	12	3	11	0	6	14	14	12	7	12
0	8	1	2	8	2	10	8	11	5	0	11	10	14	13	7
0	13	11	3	13	14	4	6	5	2	13	0	12	6	9	12
0	12	8	5	4	5	14	4	9	9	15	9	0	8	2	7
0	6	3	4	15	7	14	2	5	3	13	1	8	0	3	11
0	10	10	13	12	7	9	1	8	9	7	11	1	7	0	13
0	2	12	14	3	14	15	14	8	4	8	5	1	14	1	0