node	machine	vehicle
4	4	1
0	40	50
1	54	65
2	25	68
3	49	47
jobs
15
1	1	1	1	1	13
2	1	7	5	13	4
3	1	13	14	8	1
4	1	11	13	3	14
5	2	13	4	1	9
6	2	13	1	4	3
7	2	2	8	1	1
8	2	2	13	11	12
9	2	11	11	14	4
10	3	14	11	1	10
11	3	4	8	4	8
12	3	14	13	1	1
13	3	8	12	3	12
14	3	3	7	2	1
15	3	14	3	10	9
setuptimes
0	15	9	4	2	11	1	9	15	5	12	9	3	10	2	9
0	0	6	7	2	13	2	10	12	15	5	4	7	15	2	9
0	13	0	3	12	1	5	4	12	2	5	9	9	1	15	3
0	14	9	0	1	12	4	10	4	9	3	10	8	9	10	13
0	15	4	1	0	4	2	12	4	14	2	14	5	14	4	15
0	10	1	10	13	0	2	12	8	6	2	9	6	5	10	14
0	9	7	1	1	12	0	9	3	6	7	11	10	7	2	15
0	1	5	9	7	6	15	0	10	9	1	9	4	8	8	10
0	10	6	1	4	14	2	11	0	11	1	14	11	5	4	2
0	6	10	14	5	4	15	9	13	0	3	11	7	15	11	15
0	7	15	7	11	5	6	3	9	14	0	11	11	10	12	5
0	10	15	14	13	13	3	8	14	11	12	0	15	4	2	2
0	14	8	15	14	9	4	6	7	1	11	10	0	10	15	13
0	14	5	14	14	15	14	12	2	4	12	14	12	0	10	14
0	9	1	9	1	9	14	3	1	14	15	8	11	14	0	4
0	8	7	14	14	1	13	3	7	8	1	2	5	8	10	0