node	machine	vehicle
5	2	1
0	40	50
1	43	49
2	63	58
3	21	44
4	60	67
jobs
20
1	1	13	6
2	1	15	4
3	1	4	15
4	1	15	6
5	2	5	14
6	2	6	6
7	2	15	2
8	2	12	7
9	2	15	14
10	3	12	4
11	3	6	13
12	3	11	5
13	3	9	15
14	3	8	15
15	4	13	11
16	4	15	3
17	4	15	13
18	4	7	14
19	4	8	13
20	4	2	9
setuptimes
0	4	3	7	9	6	1	4	9	8	3	6	1	8	3	1	4	7	5	2	2
0	0	2	10	4	1	4	10	3	1	4	6	5	7	9	6	1	9	4	9	10
0	10	0	10	10	7	1	7	4	7	9	8	6	1	2	1	9	10	9	7	1
0	4	1	0	7	9	10	5	8	7	10	8	10	4	4	9	5	4	1	10	7
0	6	1	2	0	2	5	6	1	4	1	8	10	9	5	6	9	10	9	4	9
0	8	5	4	8	0	7	8	2	4	6	7	4	1	5	7	9	6	3	8	9
0	1	9	5	10	6	0	3	7	8	10	2	2	7	4	7	4	3	9	2	7
0	9	2	7	5	2	10	0	6	8	6	8	2	7	4	6	10	7	6	5	9
0	1	10	7	9	1	8	7	0	8	1	8	3	8	6	10	9	4	5	9	2
0	8	2	3	6	7	10	8	6	0	3	6	10	4	1	1	10	10	8	3	9
0	10	10	1	4	1	2	10	1	5	0	10	6	7	5	10	4	4	9	9	5
0	9	7	6	4	9	2	3	8	6	1	0	8	9	7	4	1	4	9	7	1
0	6	9	9	1	4	2	4	1	1	3	4	0	8	5	9	7	10	7	3	2
0	2	8	3	4	2	7	5	4	9	2	7	7	0	3	10	5	4	2	10	5
0	1	10	9	6	10	2	8	1	5	9	8	8	1	0	8	10	4	5	8	7
0	7	7	3	2	3	6	7	5	7	3	3	7	9	8	0	4	3	6	7	4
0	1	2	6	3	5	3	8	2	8	7	2	7	8	3	9	0	4	2	8	3
0	5	5	10	6	7	8	7	5	2	8	6	3	2	6	3	7	0	8	10	2
0	10	10	1	4	8	5	1	9	3	8	2	9	8	10	2	1	9	0	7	5
0	8	8	3	10	9	8	4	5	10	7	8	8	9	8	1	3	3	2	0	7
0	4	10	10	5	7	3	10	4	3	8	5	5	4	1	6	9	10	2	4	0