node	machine	vehicle
5	2	1
0	40	50
1	47	40
2	29	44
3	39	63
4	58	40
jobs
20
1	1	15	5
2	1	11	2
3	1	6	3
4	1	11	6
5	2	6	5
6	2	11	10
7	2	5	9
8	2	7	9
9	2	12	14
10	3	5	11
11	3	15	7
12	3	6	14
13	3	10	8
14	3	11	10
15	4	14	8
16	4	4	14
17	4	14	13
18	4	11	6
19	4	15	15
20	4	10	8
setuptimes
0	3	7	6	1	1	4	3	9	5	10	5	3	6	8	9	8	8	7	9	2
0	0	5	1	6	8	6	7	2	1	6	8	6	7	2	9	6	5	9	4	7
0	8	0	5	8	3	3	6	3	8	8	8	4	4	5	9	7	5	2	3	4
0	6	2	0	5	5	7	2	9	7	8	7	4	9	6	8	2	9	4	6	5
0	1	6	1	0	8	6	7	5	6	3	2	6	5	6	4	1	5	10	1	3
0	9	3	2	5	0	9	5	7	4	10	8	3	2	6	4	9	4	4	7	1
0	9	10	3	10	3	0	7	1	8	10	2	10	8	6	10	4	10	5	9	8
0	4	6	4	9	3	1	0	2	8	3	1	4	4	7	3	8	4	2	7	1
0	7	9	2	6	7	2	8	0	9	9	2	10	8	8	1	8	5	4	1	4
0	1	2	9	10	10	7	5	9	0	5	1	7	10	1	3	7	9	9	5	3
0	1	6	4	8	10	5	10	4	7	0	6	6	2	9	4	3	3	2	5	2
0	1	6	10	9	9	1	6	3	5	3	0	8	2	4	8	4	1	6	10	6
0	9	6	5	3	3	6	2	1	9	7	9	0	4	4	2	8	9	8	8	1
0	4	1	2	5	4	10	7	8	3	5	5	3	0	4	4	4	1	10	8	1
0	10	2	8	1	10	2	4	2	4	8	4	5	4	0	1	2	6	1	8	10
0	8	2	10	4	1	1	5	2	1	4	8	9	5	3	0	7	9	9	4	3
0	6	3	5	9	9	3	2	3	7	9	1	2	7	6	5	0	9	2	1	4
0	6	7	9	3	9	6	2	6	8	10	5	7	8	8	6	10	0	1	6	5
0	1	9	6	3	3	1	10	3	10	6	1	5	7	6	5	2	3	0	4	2
0	10	4	7	5	8	1	5	4	2	6	6	7	5	10	4	8	3	1	0	9
0	9	2	10	8	8	7	9	7	2	6	4	8	10	5	1	10	4	7	6	0