node	machine	vehicle
8	3	1
0	40	50
1	36	67
2	37	44
3	25	25
4	25	31
5	56	66
6	56	72
7	34	73
jobs
30
1	1	12	4	12
2	1	13	13	5
3	1	11	4	5
4	2	13	11	13
5	2	12	3	15
6	2	12	1	4
7	2	2	15	1
8	3	2	9	9
9	3	11	5	12
10	3	1	7	3
11	3	1	6	10
12	4	11	2	9
13	4	3	11	10
14	4	4	8	1
15	4	10	9	15
16	5	8	13	3
17	5	6	2	10
18	5	13	2	13
19	5	12	3	3
20	6	14	10	3
21	6	12	7	1
22	6	14	2	4
23	6	11	3	10
24	7	7	3	7
25	7	11	3	4
26	7	4	9	9
27	7	11	15	11
28	7	8	9	14
29	7	6	3	1
30	7	3	7	2
setuptimes
0	6	5	4	5	2	1	3	5	5	10	4	4	7	4	8	2	1	5	5	5	10	4	2	2	3	10	3	10	2	10
0	0	6	6	4	2	7	6	7	5	1	7	5	2	8	10	7	9	3	10	4	4	9	7	8	3	3	5	6	4	8
0	4	0	2	5	2	5	6	2	3	9	10	8	3	5	10	3	2	9	3	7	5	6	9	10	6	9	6	2	5	9
0	8	4	0	9	8	8	3	1	8	7	9	6	5	7	7	9	9	7	9	2	10	1	1	5	2	9	10	4	9	10
0	5	9	9	0	8	9	10	8	2	1	5	3	3	1	9	7	5	1	4	8	10	10	5	9	3	1	3	10	8	2
0	8	2	1	3	0	5	7	3	3	7	7	6	8	7	4	4	8	4	2	2	3	2	7	7	4	10	9	8	6	1
0	10	3	3	1	3	0	3	4	4	9	4	10	7	5	9	10	6	2	7	5	9	1	8	4	10	2	6	2	6	8
0	2	8	8	5	4	6	0	5	9	4	9	4	10	8	2	4	5	7	9	7	8	6	10	5	6	1	4	9	7	9
0	7	7	3	6	4	9	7	0	5	9	5	6	5	7	7	8	9	7	3	4	1	3	2	5	1	3	9	3	2	4
0	2	8	5	4	7	7	2	6	0	2	5	10	4	5	5	4	9	3	5	2	7	10	9	3	1	6	3	6	10	8
0	7	6	4	6	10	5	3	10	6	0	10	10	7	4	7	2	8	6	4	9	2	3	8	2	8	3	10	3	4	3
0	6	8	6	6	1	9	4	4	4	1	0	2	6	9	3	6	8	1	8	6	4	9	2	10	10	7	2	3	6	1
0	2	1	9	6	6	10	1	10	2	3	8	0	1	9	10	10	8	6	5	8	7	1	10	10	4	6	5	7	7	8
0	3	4	8	9	7	2	8	8	6	2	4	6	0	1	1	8	4	10	7	2	2	7	4	8	9	4	5	8	5	2
0	7	6	8	6	6	9	5	6	4	9	2	4	4	0	10	4	3	1	4	8	2	8	6	8	10	2	2	2	7	1
0	2	10	3	6	10	10	2	4	9	1	2	8	9	6	0	2	7	1	4	8	9	9	6	7	6	5	5	2	3	1
0	7	8	1	7	6	1	8	5	10	3	3	1	2	1	2	0	3	1	10	9	8	5	6	8	3	5	2	1	5	2
0	10	1	6	6	4	1	3	7	6	2	2	9	10	5	8	9	0	10	4	6	10	1	10	9	7	2	2	3	3	7
0	4	6	2	6	2	10	5	10	7	6	1	7	1	6	8	8	6	0	3	10	9	1	9	3	9	10	8	7	2	3
0	8	2	8	2	10	7	6	3	5	4	3	6	5	5	4	10	9	7	0	9	3	4	3	7	6	5	3	6	6	9
0	4	7	4	7	8	4	4	6	3	10	4	8	3	10	10	10	5	2	10	0	1	1	10	9	9	8	8	10	3	8
0	5	2	4	6	8	5	5	10	6	7	8	7	9	2	5	6	10	1	10	8	0	9	7	6	2	5	7	6	1	8
0	10	6	6	1	7	1	4	2	9	5	9	3	7	9	6	7	4	7	5	1	1	0	5	9	1	8	6	5	3	1
0	5	4	1	6	3	7	1	2	5	5	4	3	1	1	10	5	10	1	10	3	1	7	0	1	7	10	8	5	8	8
0	8	10	7	9	7	4	10	6	9	9	10	5	4	10	5	4	4	4	5	10	10	1	1	0	2	7	3	1	5	9
0	3	1	7	7	2	1	3	7	8	10	4	8	2	4	3	10	8	4	6	10	1	4	7	3	0	5	4	10	4	2
0	4	7	8	1	3	8	5	7	7	1	9	2	7	4	6	9	10	7	7	4	9	7	1	7	9	0	4	10	7	2
0	4	7	7	6	1	6	8	3	9	3	8	7	10	9	2	3	2	1	8	4	9	8	10	8	10	2	0	5	6	4
0	4	7	3	7	4	5	5	9	6	5	9	8	6	7	10	3	10	7	6	9	2	10	3	5	5	7	2	0	8	5
0	4	5	9	4	7	10	6	9	1	1	10	4	6	2	3	10	1	7	6	10	1	8	3	9	10	4	6	4	0	4
0	4	2	2	6	1	6	7	8	2	7	2	4	2	3	9	5	3	3	10	8	7	5	1	3	4	6	5	3	2	0