node	machine	vehicle
8	3	1
0	40	50
1	52	72
2	46	47
3	64	51
4	43	44
5	33	74
6	22	32
7	47	52
jobs
20
1	1	9	15	7
2	2	15	5	6
3	2	10	13	2
4	3	5	1	3
5	3	10	6	7
6	4	8	13	13
7	4	2	7	10
8	5	3	1	11
9	5	14	6	12
10	6	7	3	5
11	6	11	3	7
12	7	9	4	5
13	7	6	10	13
14	7	10	2	15
15	7	10	14	5
16	7	6	6	11
17	7	11	15	4
18	7	11	11	1
19	7	14	1	1
20	7	2	6	1
setuptimes
0	7	9	3	9	3	7	3	4	3	8	7	1	1	4	9	10	3	2	5	7
0	0	2	10	5	8	1	7	8	4	8	3	7	8	3	8	7	9	4	5	2
0	3	0	9	2	4	1	3	4	3	10	8	4	10	5	2	8	6	3	6	2
0	4	2	0	10	6	4	4	6	3	5	7	5	9	2	9	4	4	7	2	7
0	7	4	4	0	3	1	8	4	9	5	7	10	9	4	3	1	9	5	1	6
0	10	5	4	5	0	4	5	4	7	6	2	2	9	9	7	3	3	3	4	2
0	1	3	7	10	2	0	3	2	7	8	2	7	2	10	4	10	3	4	8	7
0	10	4	9	5	1	10	0	4	10	5	8	3	10	9	7	8	1	10	3	5
0	2	8	3	3	9	7	8	0	1	6	6	6	3	3	7	9	8	4	3	6
0	7	4	6	1	10	4	10	10	0	8	3	2	8	6	7	6	6	6	10	3
0	8	8	8	5	7	2	10	2	3	0	5	2	5	3	7	6	1	6	8	3
0	3	4	1	8	1	2	7	1	9	5	0	1	1	4	1	6	10	3	5	9
0	8	5	10	6	4	7	9	9	6	5	7	0	6	10	6	1	2	2	4	3
0	7	7	9	6	6	5	8	3	9	5	10	6	0	9	1	3	6	10	6	5
0	3	1	3	3	10	8	6	2	8	7	8	6	2	0	10	2	1	10	4	4
0	9	6	1	5	8	6	8	2	6	9	10	8	9	10	0	3	4	5	2	2
0	8	7	7	10	2	6	5	9	10	6	9	1	9	5	6	0	9	8	6	5
0	10	4	8	6	3	8	3	9	1	7	1	1	3	9	8	4	0	8	9	8
0	10	6	7	2	9	2	3	1	2	4	10	6	4	8	8	5	8	0	1	5
0	10	9	9	4	3	5	4	2	9	10	4	3	4	10	7	1	7	10	0	9
0	3	7	10	7	4	2	9	6	5	7	6	3	9	1	6	7	1	7	7	0