node	machine	vehicle
8	3	1
0	40	50
1	48	65
2	36	51
3	18	60
4	47	48
5	47	62
6	51	39
7	50	36
jobs
30
1	1	11	2	15
2	1	4	4	6
3	1	13	1	4
4	2	7	15	13
5	2	13	11	11
6	2	15	5	11
7	2	14	14	13
8	3	3	12	3
9	3	5	13	2
10	3	3	14	12
11	3	9	7	14
12	4	7	10	8
13	4	7	10	5
14	4	14	2	12
15	4	13	12	10
16	5	2	8	15
17	5	13	7	3
18	5	13	1	10
19	5	12	13	4
20	6	15	3	1
21	6	4	2	8
22	6	13	8	14
23	6	2	14	15
24	7	14	3	15
25	7	7	3	8
26	7	4	11	12
27	7	14	10	8
28	7	10	8	1
29	7	15	7	2
30	7	13	15	11
setuptimes
0	8	6	10	3	9	2	2	1	10	4	3	7	10	10	9	7	4	3	7	3	8	1	2	5	8	4	10	4	1	9
0	0	8	1	6	7	8	1	8	7	3	1	6	3	9	5	1	7	4	4	9	3	8	7	1	8	3	1	1	10	10
0	10	0	7	9	7	5	5	1	1	6	8	9	3	10	1	7	2	5	9	7	1	6	4	5	6	9	10	6	3	1
0	2	3	0	1	6	3	4	9	4	4	2	5	10	1	8	2	2	1	7	3	3	10	8	6	2	2	10	9	5	6
0	2	6	3	0	1	4	5	7	7	7	3	10	2	8	4	6	1	6	1	9	2	2	6	7	9	6	6	3	1	1
0	7	2	9	10	0	6	4	9	1	7	7	8	2	7	5	10	2	9	2	7	5	2	3	10	2	7	2	8	10	9
0	6	7	5	7	10	0	2	7	9	4	6	9	4	6	6	9	4	1	7	4	7	10	5	7	7	3	9	5	5	6
0	5	6	4	4	4	10	0	9	10	3	2	2	8	9	10	10	1	7	6	3	10	3	5	4	10	1	2	8	7	7
0	6	6	2	1	2	7	10	0	2	2	2	8	7	6	9	4	7	2	6	8	6	4	8	3	3	3	1	3	8	8
0	10	1	3	4	7	4	10	10	0	3	9	8	6	1	6	6	4	9	3	4	3	4	9	4	7	10	8	7	6	7
0	1	4	3	1	8	10	3	9	4	0	10	8	4	2	8	10	7	7	1	3	7	7	6	10	10	3	9	8	2	4
0	4	10	3	7	9	2	7	4	10	4	0	8	6	6	4	9	2	7	1	8	6	8	9	8	5	4	6	3	3	6
0	4	2	5	6	5	1	8	4	1	2	8	0	7	3	5	6	7	9	2	2	10	2	4	1	7	4	10	8	8	10
0	1	9	9	9	10	10	9	10	9	7	4	6	0	6	1	3	9	8	5	7	4	7	6	1	7	8	9	8	5	4
0	6	4	7	6	8	5	2	1	7	3	3	8	3	0	8	6	3	5	5	1	8	5	7	7	8	2	7	2	1	4
0	3	4	1	2	4	5	10	1	4	6	7	5	10	7	0	4	8	8	9	6	1	4	7	2	7	7	6	3	8	4
0	2	6	3	8	1	5	5	2	5	4	5	5	9	9	1	0	10	9	7	1	1	1	5	6	6	2	4	7	8	10
0	6	2	4	1	10	3	3	5	5	1	6	3	5	1	5	3	0	8	6	7	5	7	10	8	10	6	7	5	9	8
0	5	6	2	8	4	6	3	1	7	1	2	1	4	9	10	4	7	0	10	7	9	9	1	4	10	8	6	7	8	7
0	1	8	3	6	5	3	3	2	6	9	6	7	3	2	10	10	4	7	0	3	8	8	9	6	3	3	6	3	5	9
0	3	2	6	7	7	8	2	8	1	10	7	7	10	3	8	4	8	7	4	0	4	3	2	2	1	1	4	4	7	9
0	9	6	10	6	3	8	4	7	3	8	8	1	1	5	10	8	10	4	10	6	0	6	9	1	4	3	4	5	4	3
0	9	1	8	6	4	2	7	4	4	4	5	7	4	7	6	7	9	8	1	1	4	0	8	6	2	7	8	9	9	10
0	4	10	6	8	1	1	2	4	10	9	7	8	2	3	2	8	1	10	3	1	1	1	0	8	4	4	5	9	10	7
0	3	8	10	3	10	7	9	5	7	1	6	4	2	8	6	2	7	2	8	3	2	4	6	0	6	6	7	9	7	1
0	10	8	7	9	8	10	3	2	4	7	3	4	1	10	7	8	5	10	1	2	8	6	8	3	0	3	5	7	9	2
0	5	3	8	2	6	9	1	8	9	5	9	1	1	9	7	5	5	7	1	4	9	4	3	9	4	0	2	5	7	9
0	7	1	8	3	9	4	1	3	9	1	10	7	2	4	4	8	5	10	4	2	9	3	4	8	6	7	0	2	8	6
0	1	8	2	9	4	4	1	8	5	6	7	9	8	8	8	2	5	1	4	1	6	10	6	7	8	6	9	0	9	6
0	9	8	5	7	3	6	1	4	4	9	8	1	5	6	1	10	5	1	8	10	9	10	1	2	9	5	8	7	0	5
0	3	2	1	2	5	2	6	9	3	9	7	2	7	9	1	8	7	4	2	8	4	10	7	6	8	3	8	10	5	0