node	machine	vehicle
8	3	1
0	40	50
1	44	63
2	31	58
3	27	63
4	32	43
5	32	33
6	22	29
7	33	68
jobs
20
1	1	6	8	1
2	2	15	8	4
3	2	3	5	1
4	3	11	9	10
5	3	9	14	1
6	4	9	1	11
7	4	10	4	4
8	5	6	11	11
9	5	2	3	3
10	6	1	6	11
11	6	10	15	3
12	7	3	8	11
13	7	8	9	1
14	7	8	11	12
15	7	7	1	11
16	7	14	8	3
17	7	13	5	3
18	7	12	9	8
19	7	5	7	4
20	7	11	4	15
setuptimes
0	4	8	2	9	7	2	4	8	2	5	5	4	1	7	6	5	1	6	10	5
0	0	6	8	7	6	5	3	10	4	1	6	2	2	7	8	5	4	4	4	3
0	10	0	8	1	2	2	5	4	8	1	4	9	4	3	2	9	3	8	3	10
0	8	3	0	7	1	5	8	6	3	4	4	1	1	7	9	3	7	4	7	2
0	5	3	6	0	3	3	6	3	3	2	2	1	1	1	8	2	3	5	2	8
0	7	8	7	10	0	4	1	6	10	3	5	6	1	8	3	2	1	8	2	9
0	9	2	8	4	2	0	5	8	7	8	6	9	6	6	1	7	9	4	1	10
0	9	9	1	9	8	3	0	10	2	6	7	5	3	2	10	5	7	5	9	5
0	4	2	8	9	6	10	6	0	10	6	9	2	3	9	8	7	2	1	8	4
0	7	9	2	5	8	2	5	5	0	10	6	9	10	6	3	10	5	3	10	1
0	1	7	10	9	4	6	2	3	9	0	6	8	5	3	9	10	9	9	7	2
0	6	4	7	10	8	6	6	5	7	8	0	6	5	10	4	5	8	9	6	5
0	6	4	8	6	9	1	2	5	1	10	7	0	6	4	6	7	9	6	7	3
0	7	8	2	10	7	6	6	2	10	10	1	6	0	10	1	4	7	1	3	7
0	8	3	4	3	3	3	3	5	7	8	10	8	5	0	6	8	7	7	2	9
0	7	6	5	6	7	4	7	8	10	1	2	5	4	3	0	6	8	1	9	4
0	6	9	3	2	3	9	1	3	10	7	7	8	10	4	3	0	8	8	5	4
0	9	5	9	3	8	3	7	1	3	8	10	4	3	1	1	5	0	1	10	7
0	10	8	1	7	9	1	2	10	8	3	7	2	10	9	3	4	9	0	8	8
0	7	5	2	4	3	7	9	9	5	2	3	2	1	10	2	10	8	6	0	1
0	2	7	3	1	8	5	8	5	5	8	1	6	6	5	3	5	1	1	2	0