node	machine	vehicle
6	4	1
0	40	50
1	42	63
2	35	68
3	35	71
4	17	72
5	16	70
jobs
20
1	1	5	5	11	12
2	1	2	7	13	11
3	1	12	12	13	6
4	2	14	3	7	5
5	2	3	2	15	5
6	2	11	13	15	11
7	2	5	4	14	15
8	3	9	2	12	5
9	3	9	2	11	4
10	3	15	5	1	13
11	3	6	1	4	9
12	4	3	3	6	14
13	4	4	9	8	8
14	4	10	7	11	10
15	4	9	11	9	15
16	5	5	5	1	12
17	5	11	1	13	3
18	5	5	9	5	15
19	5	12	8	12	2
20	5	3	15	10	1
setuptimes
0	8	10	8	7	4	4	1	3	10	4	9	8	5	7	6	9	4	5	10	1
0	0	6	7	7	9	4	6	2	5	7	3	9	3	3	4	5	6	4	3	6
0	6	0	7	1	6	7	2	3	10	9	6	5	8	7	3	1	5	4	3	4
0	1	7	0	2	10	3	4	7	5	4	6	6	3	8	7	4	5	1	3	9
0	2	2	4	0	4	2	8	7	4	4	2	6	8	1	3	6	8	7	6	3
0	3	7	7	5	0	10	8	9	7	7	7	4	5	2	7	5	8	1	1	7
0	6	5	2	5	2	0	8	10	7	9	7	5	3	8	4	6	2	9	8	6
0	8	10	3	6	7	5	0	10	5	7	7	1	1	7	6	4	7	10	4	1
0	10	9	5	4	9	7	5	0	6	4	4	10	9	6	10	1	6	8	4	1
0	3	3	4	5	7	9	2	3	0	10	10	9	4	3	9	8	10	6	4	9
0	5	1	2	3	10	7	10	9	4	0	10	4	9	2	5	3	5	4	5	7
0	10	1	9	3	6	1	10	9	2	1	0	1	4	9	1	6	8	3	3	6
0	6	3	6	4	1	8	1	9	5	6	7	0	3	6	4	9	1	9	1	2
0	4	2	10	5	9	3	10	9	3	3	6	7	0	6	7	9	6	6	10	3
0	1	6	2	3	2	6	7	1	7	10	3	8	4	0	5	8	1	8	5	6
0	7	10	10	10	4	10	5	5	6	7	5	3	9	6	0	6	2	9	8	1
0	10	10	5	5	4	2	8	6	8	10	8	1	6	6	4	0	4	7	6	8
0	8	10	10	1	3	3	8	3	6	5	3	7	3	10	4	3	0	2	2	5
0	8	7	10	1	7	2	4	5	2	3	8	1	9	6	1	2	10	0	10	10
0	8	4	9	3	3	1	8	3	1	2	9	10	7	7	9	7	1	10	0	1
0	1	8	7	9	1	1	8	5	9	3	1	1	3	6	5	5	5	6	1	0