node	machine	vehicle
5	4	1
0	40	50
1	46	29
2	65	30
3	33	58
4	47	39
jobs
20
1	1	7	2	9	14
2	1	7	11	4	14
3	1	11	1	8	9
4	1	4	2	8	4
5	2	10	5	11	1
6	2	9	7	7	2
7	2	5	5	11	5
8	2	10	3	12	8
9	2	8	1	1	6
10	3	5	13	14	8
11	3	12	2	10	1
12	3	13	4	14	10
13	3	14	11	4	7
14	3	4	6	13	2
15	4	4	5	14	5
16	4	12	3	2	15
17	4	13	5	15	3
18	4	3	11	3	13
19	4	13	7	8	13
20	4	5	15	6	2
setuptimes
0	9	5	8	6	2	3	6	10	10	1	2	7	5	9	2	1	1	3	1	6
0	0	2	7	3	3	7	5	10	7	4	9	9	9	2	7	8	7	7	10	4
0	5	0	4	5	2	6	9	4	10	6	10	9	10	4	3	4	2	8	2	8
0	9	5	0	8	10	4	8	10	2	7	7	8	5	5	7	10	10	9	2	9
0	7	6	5	0	10	8	8	6	5	5	10	5	3	4	7	4	5	10	8	4
0	6	9	10	7	0	7	9	2	8	5	9	5	1	4	7	8	9	7	8	8
0	10	8	6	1	3	0	3	10	5	5	10	6	4	1	6	8	6	8	3	5
0	10	10	1	8	8	7	0	9	2	7	2	7	2	9	4	5	4	3	6	8
0	7	8	3	2	7	1	2	0	7	8	4	6	2	2	1	3	9	5	2	4
0	6	7	6	10	9	3	2	10	0	7	4	4	10	8	6	2	9	10	2	2
0	5	2	5	4	7	4	6	6	2	0	2	1	5	1	3	6	3	1	8	9
0	8	3	8	3	7	6	6	8	1	3	0	3	4	4	7	7	5	7	3	4
0	9	8	2	4	10	5	6	1	5	1	8	0	7	8	8	10	3	8	1	5
0	5	3	6	3	5	7	8	1	10	1	2	7	0	9	3	1	10	8	1	5
0	6	10	6	8	3	1	2	4	5	2	3	5	10	0	2	5	3	5	6	3
0	3	10	7	10	1	9	3	6	7	6	9	2	10	4	0	7	1	10	7	4
0	2	4	4	6	8	1	5	3	8	1	4	8	1	4	8	0	1	7	2	3
0	4	8	3	8	6	5	6	7	1	10	5	9	3	10	1	5	0	9	8	3
0	8	8	3	7	9	10	6	1	1	7	3	6	9	7	1	1	9	0	3	4
0	1	3	3	5	8	2	8	7	3	3	4	9	3	3	4	5	9	3	0	5
0	7	7	1	4	3	2	8	9	7	10	10	10	7	1	4	6	7	9	7	0