node	machine	vehicle
6	2	1
0	40	50
1	17	49
2	61	62
3	29	47
4	38	27
5	23	41
jobs
20
1	1	1	9
2	1	12	13
3	1	11	15
4	2	10	13
5	2	12	9
6	2	5	9
7	2	3	5
8	3	5	15
9	3	12	12
10	3	2	4
11	3	11	2
12	4	5	7
13	4	13	10
14	4	5	5
15	4	3	5
16	5	11	13
17	5	4	2
18	5	4	9
19	5	15	3
20	5	11	10
setuptimes
0	8	4	8	9	10	4	8	3	3	3	2	7	8	1	5	1	10	10	10	4
0	0	10	7	2	2	7	3	1	8	5	8	6	2	5	3	4	7	6	5	5
0	6	0	1	10	10	6	9	7	7	3	8	2	3	7	8	5	4	6	5	5
0	10	10	0	3	9	8	4	5	6	5	2	5	7	4	9	9	9	6	7	2
0	4	7	3	0	4	8	1	6	3	7	4	9	7	10	5	3	2	6	2	7
0	2	7	8	6	0	8	1	3	10	6	6	7	5	3	10	7	5	5	7	1
0	6	2	7	6	8	0	1	1	7	10	10	3	10	3	8	5	10	4	1	5
0	6	7	4	10	10	5	0	7	8	1	6	4	1	5	6	10	2	9	2	5
0	9	5	7	6	10	7	5	0	7	10	3	6	5	10	8	8	5	7	4	2
0	5	1	2	5	9	1	2	7	0	1	6	2	9	2	7	10	10	6	2	9
0	1	3	6	4	7	5	2	1	10	0	4	4	2	1	9	8	8	9	7	9
0	10	9	6	1	9	9	7	4	9	9	0	3	2	5	10	1	3	6	10	9
0	7	6	2	4	5	5	2	2	6	9	10	0	7	4	5	5	10	3	1	5
0	4	4	9	10	10	1	6	5	1	10	7	10	0	2	3	4	2	5	6	3
0	5	5	6	10	9	7	9	2	4	4	3	10	3	0	1	3	1	3	1	1
0	6	6	4	7	10	10	8	6	2	10	9	4	5	1	0	6	1	10	2	6
0	4	10	7	2	10	6	6	2	2	6	5	10	2	8	9	0	2	5	4	1
0	4	7	2	10	9	9	7	10	9	1	8	10	9	6	2	5	0	1	2	2
0	1	8	3	8	6	10	4	5	5	7	2	9	1	1	5	3	4	0	8	8
0	5	4	3	8	6	2	8	4	6	3	7	4	7	3	8	10	1	7	0	5
0	8	2	3	9	10	3	10	2	3	4	8	9	4	6	4	10	3	4	2	0