node	machine	vehicle
5	3	1
0	40	50
1	50	75
2	45	63
3	55	67
4	62	41
jobs
20
1	1	11	1	7
2	1	9	2	9
3	1	3	15	12
4	1	12	12	6
5	2	2	10	15
6	2	5	5	14
7	2	8	10	1
8	2	5	5	3
9	2	5	6	9
10	3	12	11	5
11	3	11	2	7
12	3	9	12	1
13	3	3	12	7
14	3	7	2	12
15	4	5	8	4
16	4	4	8	14
17	4	9	12	14
18	4	12	3	9
19	4	14	6	15
20	4	9	2	6
setuptimes
0	7	3	3	6	7	2	3	1	4	9	2	9	7	2	3	7	1	8	9	4
0	0	10	10	5	4	7	6	2	9	4	1	10	6	2	3	10	8	7	8	4
0	10	0	5	1	5	6	1	3	2	5	9	6	8	1	8	10	2	2	10	3
0	5	10	0	2	8	4	6	2	8	3	3	9	6	8	8	2	8	5	4	3
0	2	4	1	0	6	7	7	5	8	3	2	1	3	4	10	9	6	1	10	7
0	1	6	7	2	0	9	4	3	6	6	7	6	3	9	5	3	2	9	10	5
0	3	2	5	8	10	0	7	3	5	6	6	6	3	5	7	8	9	10	8	7
0	1	8	5	1	2	2	0	10	9	4	10	3	9	7	8	9	4	8	2	5
0	5	8	3	3	3	1	9	0	4	9	9	3	8	8	10	3	9	2	5	5
0	3	8	4	10	1	10	7	1	0	10	4	4	8	9	2	9	9	3	4	9
0	9	8	9	6	3	1	9	1	5	0	1	10	9	3	7	2	10	10	7	9
0	7	1	9	1	9	6	7	10	5	5	0	6	3	2	9	8	10	8	4	3
0	1	8	3	6	10	9	3	5	8	8	6	0	8	7	8	5	7	8	2	2
0	5	10	6	8	6	4	6	2	4	1	8	9	0	2	5	5	2	8	3	3
0	2	1	7	1	5	7	1	9	2	2	10	9	4	0	7	8	5	5	8	3
0	5	9	8	8	9	10	1	4	8	6	10	4	2	6	0	3	2	10	7	7
0	5	9	4	1	1	10	6	7	7	10	1	1	2	2	4	0	10	2	10	9
0	1	6	2	2	8	10	7	8	1	7	5	9	2	8	3	1	0	6	2	10
0	2	10	7	3	9	10	5	2	6	9	6	3	1	7	9	9	3	0	5	6
0	1	2	10	10	3	10	10	5	4	7	1	8	2	1	3	2	6	4	0	7
0	2	6	4	2	9	2	3	1	10	7	7	3	9	10	5	3	10	2	10	0