node	machine	vehicle
5	2	1
0	40	50
1	61	40
2	18	71
3	37	73
4	30	49
jobs
30
1	1	1	14
2	1	4	8
3	1	2	2
4	1	11	9
5	1	2	1
6	1	7	9
7	2	10	2
8	2	8	9
9	2	4	4
10	2	9	9
11	2	11	5
12	2	3	9
13	2	2	1
14	3	14	5
15	3	15	7
16	3	2	12
17	3	2	3
18	3	13	12
19	3	10	10
20	3	4	10
21	4	3	5
22	4	2	15
23	4	15	4
24	4	11	13
25	4	12	11
26	4	11	7
27	4	3	3
28	4	6	8
29	4	5	1
30	4	7	9
setuptimes
0	7	6	5	6	3	1	9	8	3	9	7	10	7	8	3	10	7	6	5	5	3	3	2	2	10	9	7	5	9	10
0	0	1	5	10	8	1	3	7	6	7	2	5	9	10	2	6	8	3	5	5	8	7	10	8	8	4	10	9	6	7
0	10	0	5	10	4	6	1	6	9	6	2	2	9	5	1	2	2	7	10	8	9	1	3	4	3	1	3	1	9	3
0	6	7	0	2	4	10	8	1	2	4	4	9	2	10	4	6	7	8	10	7	10	5	4	7	3	2	2	7	8	6
0	3	3	2	0	9	1	8	2	2	7	7	5	1	3	8	8	6	5	2	5	10	2	9	9	10	2	9	8	9	4
0	10	8	8	7	0	3	4	7	9	9	1	10	1	9	5	7	9	8	8	7	8	4	2	8	3	2	1	6	1	2
0	8	6	2	10	5	0	4	1	2	9	10	1	2	10	9	6	5	8	6	5	10	10	10	7	4	2	1	6	2	9
0	10	9	3	3	2	1	0	7	10	8	2	7	10	8	8	2	5	7	5	9	9	10	10	6	10	4	8	6	1	6
0	7	8	9	5	3	1	4	0	7	7	7	5	4	2	9	3	10	5	9	9	6	10	8	4	10	2	10	4	2	4
0	10	6	1	5	5	5	8	5	0	5	7	10	6	2	10	8	10	4	8	4	5	6	6	10	6	5	6	4	8	10
0	8	4	4	5	9	4	9	9	8	0	5	6	5	6	10	8	4	5	8	1	2	9	3	5	9	8	4	2	6	2
0	7	3	6	10	1	1	2	10	4	8	0	7	1	9	3	9	8	6	3	8	8	7	5	8	3	8	5	2	2	7
0	4	8	4	2	7	1	9	9	2	8	5	0	4	3	7	8	8	2	8	9	2	3	3	4	2	8	2	8	2	7
0	1	6	1	8	4	3	7	3	7	3	6	3	0	10	6	7	10	10	6	10	9	7	3	6	1	9	8	6	2	6
0	4	6	9	8	8	2	7	5	3	3	6	5	5	0	10	2	7	2	4	8	8	3	9	4	6	1	8	8	4	8
0	4	6	7	7	4	5	5	9	6	2	9	5	5	2	0	9	2	4	4	2	5	2	2	7	10	10	8	1	5	3
0	10	5	10	8	9	8	1	8	8	1	1	1	1	2	1	0	5	5	1	9	6	4	9	5	3	4	6	4	3	7
0	10	10	1	7	4	1	3	9	5	9	10	2	8	8	4	10	0	4	5	10	10	9	2	9	7	2	7	9	2	7
0	6	7	2	1	9	5	2	5	9	6	4	9	7	7	7	9	8	0	2	2	6	4	3	3	1	3	10	10	4	8
0	7	5	10	8	7	2	8	4	2	5	8	4	10	9	9	10	2	1	0	4	10	1	5	4	5	2	1	10	4	9
0	5	4	2	10	3	10	6	6	5	7	10	6	5	7	7	2	5	6	8	0	4	7	6	3	9	1	3	3	5	4
0	6	1	9	2	9	1	10	7	6	7	4	2	2	2	8	8	6	9	7	9	0	8	5	5	7	1	2	5	3	10
0	9	5	7	8	1	7	6	8	6	5	1	1	9	9	10	1	3	4	5	1	1	0	10	8	3	8	5	5	8	9
0	4	5	9	2	3	10	2	2	7	10	5	7	9	8	10	4	10	8	10	9	9	4	0	2	5	6	8	7	6	4
0	6	7	7	9	4	2	1	1	2	10	8	7	10	6	1	10	10	5	2	2	6	4	4	0	10	5	9	2	1	2
0	5	4	8	4	3	9	10	2	9	8	7	4	10	4	6	3	5	3	7	10	6	4	1	2	0	3	1	9	8	10
0	10	1	7	6	5	3	1	8	8	6	3	6	2	10	10	1	4	5	2	5	6	2	2	10	6	0	9	7	4	2
0	5	9	2	3	5	10	10	2	2	2	1	2	4	7	10	2	9	10	10	4	2	1	5	3	4	2	0	4	4	9
0	3	3	6	7	8	8	1	8	8	8	8	1	10	4	9	8	1	5	4	6	7	8	1	4	3	2	3	0	9	9
0	5	2	8	2	2	4	4	4	10	4	4	8	6	5	8	4	6	6	7	3	7	7	8	4	3	3	10	7	0	4
0	2	8	5	3	4	10	2	4	4	7	5	2	2	9	8	6	9	10	9	7	6	6	2	10	9	5	6	4	2	0