node	machine	vehicle
5	4	1
0	40	50
1	18	35
2	59	35
3	55	72
4	26	43
jobs
20
1	1	2	9	12	10
2	1	2	8	9	11
3	1	5	7	6	14
4	1	6	7	8	5
5	2	6	1	10	15
6	2	7	13	7	14
7	2	5	15	3	10
8	2	10	6	14	3
9	2	13	7	2	4
10	3	7	12	5	8
11	3	6	9	8	5
12	3	5	12	10	6
13	3	2	12	12	15
14	3	2	12	1	1
15	4	6	6	9	11
16	4	15	10	14	9
17	4	15	13	2	9
18	4	8	8	11	6
19	4	12	4	5	7
20	4	7	6	15	8
setuptimes
0	8	3	5	2	5	5	5	2	8	9	1	5	6	6	4	8	10	7	4	3
0	0	6	4	8	1	9	9	4	4	5	1	7	9	2	5	5	1	6	4	5
0	3	0	6	2	8	3	10	5	4	1	10	6	3	7	7	3	8	10	5	5
0	10	6	0	10	8	10	10	5	4	8	7	6	4	5	3	7	9	2	8	6
0	2	1	7	0	5	6	7	9	8	8	8	6	7	2	6	1	7	6	7	6
0	7	6	6	9	0	6	4	9	6	2	5	7	8	7	3	5	7	9	5	9
0	2	8	3	1	9	0	2	10	6	8	7	7	4	4	2	10	9	7	7	3
0	6	1	6	5	6	3	0	9	10	4	3	7	1	4	5	2	2	9	4	5
0	3	5	3	3	1	2	9	0	7	3	3	4	4	2	7	9	7	10	1	8
0	9	10	6	1	9	5	10	6	0	1	6	3	3	5	5	8	3	7	9	7
0	6	2	2	3	3	10	6	2	2	0	7	8	1	1	2	5	6	2	5	6
0	3	10	9	5	1	3	2	5	7	6	0	10	2	1	1	4	2	3	4	3
0	8	6	9	1	7	9	7	7	4	3	1	0	8	5	5	9	2	6	1	2
0	10	7	2	8	3	6	5	9	4	4	8	1	0	4	1	1	9	1	8	8
0	8	2	5	9	3	5	4	5	9	8	8	7	1	0	9	6	7	10	9	6
0	1	4	10	3	10	3	5	8	5	7	2	4	4	3	0	4	5	10	2	10
0	10	7	10	4	6	4	1	5	8	10	8	3	3	5	5	0	8	3	9	1
0	6	9	1	10	7	2	3	1	5	7	6	2	9	2	5	6	0	8	5	8
0	4	10	7	2	5	3	2	4	9	1	3	9	1	5	2	8	4	0	3	6
0	6	8	2	8	3	6	10	4	6	6	8	4	4	4	2	3	1	3	0	7
0	7	3	2	10	1	6	7	3	6	5	3	10	8	3	1	9	1	10	3	0