node	machine	vehicle
6	4	1
0	40	50
1	38	31
2	24	50
3	50	60
4	53	65
5	59	56
jobs
20
1	1	3	12	9	10
2	1	7	2	4	7
3	1	7	14	2	8
4	2	9	8	8	12
5	2	2	14	4	2
6	2	1	2	4	15
7	2	5	2	11	7
8	3	11	4	14	4
9	3	11	7	14	12
10	3	4	4	5	4
11	3	4	4	4	15
12	4	3	13	5	11
13	4	5	3	10	10
14	4	11	4	6	7
15	4	10	11	15	1
16	5	3	2	8	3
17	5	3	10	12	9
18	5	10	3	1	15
19	5	11	9	6	3
20	5	14	14	13	8
setuptimes
0	2	6	2	5	5	7	9	9	10	7	3	7	8	10	9	9	2	5	10	8
0	0	1	9	3	5	2	10	8	7	6	3	7	10	5	5	5	9	9	8	6
0	9	0	10	1	8	1	5	6	6	2	8	3	7	2	8	1	6	1	7	10
0	4	8	0	2	3	8	6	8	6	1	8	3	8	10	4	4	9	2	6	8
0	6	2	7	0	7	10	6	9	9	8	1	1	2	6	6	5	7	4	8	8
0	5	10	2	10	0	5	6	6	2	5	7	7	5	2	7	5	1	6	8	1
0	1	6	10	8	2	0	3	7	4	10	8	8	1	5	5	7	8	10	6	10
0	5	4	3	7	10	7	0	5	10	6	1	7	7	1	6	9	2	5	3	4
0	5	8	9	9	7	7	6	0	10	2	5	10	7	9	3	5	5	9	10	10
0	10	10	7	5	9	6	5	8	0	7	7	9	6	7	7	6	2	1	7	4
0	9	7	4	9	4	4	4	10	5	0	6	1	3	9	4	4	5	1	3	5
0	9	6	2	1	2	1	7	8	8	6	0	7	10	1	3	2	3	7	1	6
0	1	1	1	1	10	5	4	4	9	8	5	0	8	5	3	6	5	7	7	10
0	9	10	9	2	5	5	7	4	3	4	2	3	0	3	1	10	4	9	9	4
0	6	10	3	10	8	6	9	3	1	10	7	7	1	0	8	6	5	6	7	2
0	8	1	1	9	6	6	8	10	6	2	6	2	6	7	0	10	8	9	10	8
0	4	7	7	2	2	3	1	10	4	8	5	8	5	1	8	0	1	4	4	10
0	1	8	10	8	10	2	6	3	6	10	1	8	9	2	2	3	0	7	9	6
0	3	10	10	10	6	9	7	10	5	5	6	10	5	10	6	2	3	0	4	1
0	8	7	3	3	6	1	2	8	7	5	6	3	6	2	9	10	10	2	0	6
0	8	4	10	2	2	2	4	5	2	7	7	9	4	8	10	2	8	6	4	0