node	machine	vehicle
5	2	1
0	40	50
1	15	30
2	19	50
3	36	44
4	58	68
jobs
30
1	1	3	8
2	1	10	2
3	1	4	13
4	1	4	3
5	1	6	14
6	1	6	15
7	2	1	6
8	2	6	7
9	2	11	1
10	2	13	15
11	2	3	3
12	2	8	8
13	2	7	9
14	3	12	14
15	3	7	1
16	3	5	3
17	3	15	1
18	3	6	4
19	3	3	4
20	3	8	9
21	4	15	8
22	4	14	6
23	4	14	9
24	4	3	5
25	4	5	8
26	4	5	11
27	4	14	9
28	4	9	14
29	4	14	13
30	4	13	6
setuptimes
0	3	4	7	8	8	5	9	9	4	1	7	10	7	4	3	4	9	1	5	6	5	9	7	10	8	10	3	1	4	3
0	0	3	7	5	5	7	7	8	7	10	3	9	5	3	10	9	7	1	4	1	1	9	7	2	10	8	6	1	1	3
0	5	0	9	8	4	3	8	9	1	2	5	7	10	5	4	6	5	5	8	7	3	9	7	3	9	10	5	4	9	9
0	4	3	0	6	2	6	1	6	7	3	9	10	10	5	9	1	8	2	4	9	8	3	7	9	4	2	1	9	3	1
0	10	7	4	0	4	8	9	2	8	7	10	9	2	2	8	9	1	10	8	2	8	1	5	9	2	2	2	5	10	2
0	1	5	3	10	0	5	6	1	9	7	8	3	2	4	8	10	4	10	3	6	5	2	4	7	7	3	1	6	7	3
0	9	7	3	2	3	0	3	4	2	10	6	3	7	1	4	8	7	8	6	8	6	1	10	4	7	3	8	4	6	2
0	6	6	1	6	4	3	0	1	6	1	2	7	7	8	8	1	4	9	6	5	6	2	9	10	9	7	10	4	3	7
0	5	9	1	6	9	5	7	0	3	6	5	3	6	7	3	8	5	9	6	2	1	1	6	10	6	2	9	4	3	3
0	7	5	6	9	5	10	9	9	0	10	6	10	5	8	6	10	6	10	1	5	4	9	6	6	10	10	6	8	1	2
0	2	5	9	6	5	5	7	9	3	0	1	6	9	2	3	2	3	3	3	7	8	10	8	2	10	7	2	10	7	7
0	4	5	4	4	4	5	8	8	1	4	0	8	8	9	10	7	8	6	7	8	10	10	10	9	2	5	2	4	1	7
0	4	8	5	10	1	6	10	10	6	3	4	0	3	7	6	1	3	1	1	9	7	5	5	1	8	6	2	5	4	5
0	1	3	8	6	5	8	8	5	3	9	9	10	0	4	9	3	5	3	4	7	6	8	3	5	8	5	6	3	4	5
0	3	1	9	5	4	10	1	6	2	6	2	5	9	0	7	8	4	1	2	9	6	10	3	6	8	5	8	8	3	4
0	1	8	3	9	10	4	3	4	7	7	4	4	8	7	0	10	5	10	7	8	9	3	5	5	4	2	1	8	2	6
0	8	1	2	8	5	6	3	2	8	3	9	9	7	10	4	0	10	10	3	8	10	6	3	9	2	1	1	10	2	4
0	7	6	10	4	7	5	2	6	2	5	8	9	10	6	1	7	0	5	9	1	1	7	2	9	8	9	9	2	6	5
0	5	10	2	1	6	10	3	7	9	5	2	7	9	2	4	8	8	0	5	2	2	9	2	2	5	3	4	5	10	3
0	3	8	9	5	8	6	1	10	10	2	8	9	2	3	9	5	3	8	0	4	7	7	10	4	9	2	9	2	3	10
0	4	6	8	8	10	4	4	3	9	2	1	6	4	10	8	8	10	8	2	0	8	5	2	8	8	6	2	6	7	7
0	5	5	6	3	7	4	3	1	7	2	4	2	1	1	2	1	6	2	6	2	0	5	6	5	3	8	2	2	10	6
0	3	2	9	1	5	3	7	10	1	3	2	4	3	1	3	4	6	8	2	6	1	0	2	3	3	5	8	6	3	2
0	2	9	4	4	7	9	8	3	4	5	8	5	1	2	7	6	8	3	3	1	8	3	0	7	2	1	3	5	3	2
0	8	4	4	4	7	7	3	1	5	8	10	5	9	6	7	3	8	2	5	9	7	10	8	0	3	3	8	10	8	10
0	1	5	9	9	5	1	5	1	8	2	3	1	3	4	3	5	6	9	9	6	1	4	2	2	0	6	2	1	1	1
0	2	3	5	9	1	10	9	5	7	5	8	7	3	7	5	8	9	3	5	9	7	5	1	2	7	0	9	2	4	7
0	4	6	10	6	2	4	9	7	2	6	2	7	5	10	6	4	4	9	7	5	9	5	5	8	3	2	0	4	7	2
0	5	4	1	8	2	2	5	5	10	2	3	6	4	6	1	9	8	10	7	3	7	10	7	9	6	3	2	0	5	4
0	4	4	4	10	2	6	5	8	4	7	9	6	5	1	5	6	2	7	8	6	3	1	4	3	7	8	6	4	0	6
0	1	1	1	6	7	3	1	6	10	4	6	4	9	1	2	4	4	6	8	4	10	2	2	5	7	7	2	5	6	0