node	machine	vehicle
8	4	1
0	40	50
1	17	43
2	15	64
3	24	43
4	15	35
5	32	68
6	45	52
7	33	44
jobs
20
1	1	4	14	10	15
2	2	3	5	8	9
3	2	2	5	15	1
4	3	5	6	3	11
5	3	15	9	15	8
6	4	8	11	4	13
7	4	4	12	13	5
8	5	4	2	14	11
9	5	15	7	13	7
10	6	15	4	11	4
11	6	11	9	15	3
12	7	12	9	6	12
13	7	1	9	11	8
14	7	9	9	4	4
15	7	4	15	2	14
16	7	6	11	7	10
17	7	15	13	13	2
18	7	15	5	10	8
19	7	8	15	4	9
20	7	9	2	3	7
setuptimes
0	8	6	9	1	6	8	2	2	2	5	10	1	7	1	7	6	5	5	10	8
0	0	9	1	5	9	5	8	9	7	5	2	3	4	3	7	9	9	1	3	10
0	2	0	8	1	9	2	10	4	2	4	8	6	10	7	10	1	7	2	6	9
0	1	10	0	4	3	7	6	9	5	4	7	7	10	6	7	7	6	9	3	10
0	10	5	8	0	3	5	4	1	6	6	10	5	4	6	2	1	2	9	8	2
0	7	2	1	4	0	2	9	5	8	2	6	8	10	10	6	5	1	10	5	5
0	6	8	7	6	3	0	10	8	5	2	5	2	5	6	1	1	1	7	4	3
0	4	5	5	10	4	3	0	10	2	9	4	8	7	4	2	7	4	5	2	5
0	3	3	1	8	2	5	4	0	10	2	7	6	10	1	6	8	6	2	9	8
0	3	7	9	3	9	9	3	6	0	9	3	8	4	6	6	5	3	7	6	6
0	2	9	3	5	8	3	7	6	6	0	10	1	3	4	2	10	4	9	8	1
0	5	5	6	3	9	3	3	4	10	4	0	6	1	8	7	4	5	5	2	8
0	7	6	6	2	10	10	3	10	5	9	3	0	8	5	2	1	3	4	1	1
0	3	10	8	7	3	2	6	5	3	2	1	3	0	7	1	4	7	4	1	2
0	3	7	4	2	8	7	6	9	8	10	9	4	10	0	7	9	4	7	1	10
0	3	1	4	6	3	8	5	1	8	7	5	9	10	3	0	8	5	7	3	9
0	1	4	8	4	3	8	6	6	2	8	4	1	9	8	6	0	2	10	7	8
0	3	4	5	7	10	9	1	9	7	3	2	10	3	8	1	10	0	10	1	2
0	10	8	3	1	3	4	5	6	10	8	3	10	6	2	2	1	4	0	5	2
0	5	2	6	4	1	1	7	8	9	8	3	4	10	10	4	5	5	9	0	10
0	8	6	8	5	8	9	7	6	1	1	5	6	5	1	2	4	1	8	2	0