node	machine	vehicle
8	2	1
0	40	50
1	39	58
2	49	41
3	37	43
4	29	66
5	26	47
6	63	41
7	37	53
jobs
20
1	1	9	5
2	1	12	5
3	1	4	8
4	2	2	11
5	2	6	3
6	2	6	7
7	3	8	14
8	3	7	13
9	3	13	4
10	4	5	4
11	4	15	3
12	4	8	2
13	5	7	10
14	5	15	11
15	5	10	14
16	6	3	5
17	6	5	2
18	6	7	4
19	7	9	4
20	7	1	15
setuptimes
0	3	1	10	5	4	4	7	4	3	4	10	10	3	6	2	6	5	1	10	10
0	0	10	7	7	9	7	7	3	1	5	6	2	3	3	8	4	2	5	2	8
0	5	0	5	1	3	1	8	3	10	5	1	9	1	8	2	7	3	4	8	9
0	3	4	0	4	3	2	9	9	4	8	7	6	5	6	3	6	2	10	7	3
0	9	8	9	0	6	4	2	6	8	7	8	2	5	10	5	8	3	6	2	1
0	9	1	8	6	0	10	3	6	2	4	9	3	1	3	10	7	4	2	1	3
0	8	4	10	2	7	0	1	10	5	4	6	10	10	6	1	6	5	9	1	1
0	10	3	7	6	10	2	0	7	10	10	2	8	7	6	3	1	4	4	2	9
0	7	1	6	10	6	6	4	0	1	1	2	7	2	8	5	2	8	5	5	2
0	8	5	7	4	10	4	3	2	0	1	7	4	5	3	3	10	9	9	9	10
0	3	3	9	6	2	10	1	9	8	0	5	9	6	1	10	3	1	2	7	10
0	1	8	3	8	4	5	1	2	6	7	0	1	8	3	9	4	5	7	1	1
0	4	3	1	3	6	2	5	3	7	8	9	0	5	3	10	10	4	3	2	7
0	5	8	9	3	8	1	3	9	1	7	1	10	0	8	6	9	2	3	1	9
0	9	3	1	10	5	4	7	6	2	2	5	5	1	0	9	8	1	5	7	6
0	2	6	1	5	2	10	5	7	8	10	3	7	5	5	0	10	2	10	8	1
0	3	10	1	3	5	7	1	4	5	4	9	3	8	1	4	0	9	8	6	2
0	4	2	5	9	10	10	10	8	6	6	4	4	9	1	6	6	0	10	6	3
0	7	8	9	5	6	1	10	9	7	10	8	1	10	3	5	9	7	0	5	5
0	8	6	4	7	4	7	6	10	6	9	1	9	8	9	1	9	5	2	0	1
0	5	8	9	2	6	3	9	1	10	9	10	4	1	3	4	5	3	2	9	0