node	machine	vehicle
5	3	1
0	40	50
1	63	32
2	31	26
3	53	52
4	15	33
jobs
20
1	1	10	10	4
2	1	4	8	13
3	1	9	5	2
4	1	10	4	2
5	2	15	2	5
6	2	7	10	4
7	2	4	7	15
8	2	5	15	6
9	2	1	9	3
10	3	5	10	1
11	3	11	4	8
12	3	11	8	12
13	3	12	2	15
14	3	13	14	14
15	4	11	9	13
16	4	11	6	11
17	4	11	9	4
18	4	1	8	3
19	4	11	5	11
20	4	10	12	10
setuptimes
0	5	6	4	4	8	7	3	8	4	1	4	10	1	4	10	1	2	7	8	7
0	0	6	1	4	2	5	4	5	10	5	4	5	6	4	10	5	2	1	9	3
0	1	0	4	8	7	7	8	1	7	9	5	6	8	7	4	8	4	6	7	8
0	8	1	0	6	7	8	7	6	2	4	7	10	9	6	10	6	7	8	5	5
0	8	7	2	0	8	2	10	10	3	4	9	10	10	10	10	2	8	4	8	6
0	1	2	1	1	0	7	1	6	4	9	9	10	1	1	1	10	1	5	9	5
0	1	10	6	8	8	0	9	9	8	6	7	8	2	1	6	10	9	9	5	8
0	9	5	3	5	1	1	0	8	1	2	5	1	4	5	10	5	10	2	10	6
0	3	7	3	1	6	7	1	0	10	9	6	1	6	5	6	5	2	6	1	1
0	3	3	1	2	3	6	7	3	0	9	8	5	10	1	2	4	5	8	7	2
0	5	5	2	7	3	8	9	5	7	0	5	9	6	7	6	9	9	1	8	6
0	10	7	4	10	10	4	2	4	3	6	0	8	6	10	3	3	6	8	1	9
0	7	1	2	5	5	2	5	8	4	4	2	0	2	9	10	5	1	7	1	8
0	9	1	6	8	5	4	9	10	1	8	7	5	0	6	4	4	7	10	10	5
0	10	6	1	1	3	10	1	7	5	9	3	7	3	0	10	4	10	10	10	1
0	7	5	5	4	7	9	3	1	8	8	7	9	6	5	0	5	6	9	2	7
0	5	4	2	1	8	1	1	6	1	3	7	9	1	6	3	0	4	2	1	1
0	10	8	4	10	4	1	1	5	4	4	4	7	2	6	8	4	0	9	9	4
0	5	6	7	5	6	3	2	6	5	4	5	3	6	7	6	3	5	0	6	9
0	2	4	8	6	1	7	8	10	8	4	5	4	3	8	4	5	1	10	0	4
0	5	8	1	5	4	7	9	5	3	8	10	6	5	3	10	10	5	6	7	0