node	machine	vehicle
8	4	1
0	40	50
1	30	63
2	42	49
3	16	39
4	44	51
5	56	44
6	53	39
7	63	27
jobs
20
1	1	11	2	2	8
2	2	13	1	4	2
3	2	4	13	5	12
4	3	4	14	9	14
5	3	1	1	8	9
6	4	12	6	9	15
7	4	4	11	12	1
8	5	6	15	2	11
9	5	3	10	1	1
10	6	1	13	4	8
11	6	12	3	5	12
12	7	14	12	2	13
13	7	13	8	8	6
14	7	7	15	5	5
15	7	15	10	14	12
16	7	5	12	10	8
17	7	9	1	1	10
18	7	12	1	9	7
19	7	9	14	9	13
20	7	12	1	7	8
setuptimes
0	6	3	4	5	3	4	3	1	4	6	10	4	3	8	10	2	5	4	10	4
0	0	1	7	10	7	7	9	5	6	3	10	1	3	9	8	9	3	5	7	8
0	2	0	7	7	2	3	6	1	10	5	3	6	9	6	6	3	6	9	8	6
0	10	1	0	7	7	1	6	7	4	9	2	10	5	6	3	6	8	6	6	6
0	6	10	6	0	3	7	7	6	9	6	3	3	8	1	6	5	10	6	1	8
0	5	5	10	2	0	4	5	7	4	9	1	2	2	5	8	10	9	9	4	7
0	2	8	10	2	2	0	4	2	4	4	4	10	3	2	3	10	9	2	1	5
0	5	1	5	1	1	10	0	9	7	7	9	5	6	4	2	2	9	9	2	5
0	8	7	10	9	1	4	8	0	4	10	3	8	2	9	4	8	5	5	3	6
0	3	4	5	8	10	2	8	6	0	6	5	2	3	7	4	1	5	5	8	4
0	1	6	1	4	5	10	3	3	3	0	9	5	3	9	6	8	3	3	8	7
0	8	2	10	3	6	6	7	8	8	10	0	5	3	8	3	4	7	4	1	9
0	2	2	6	5	10	5	1	7	5	5	8	0	9	4	6	1	2	4	1	7
0	7	2	7	8	6	5	8	5	9	10	9	8	0	2	1	2	6	4	9	7
0	1	5	3	4	7	9	2	5	5	1	2	5	9	0	1	3	6	8	5	1
0	2	4	3	1	7	8	9	5	4	10	9	2	7	1	0	10	6	2	6	5
0	7	1	9	2	9	1	2	7	4	6	1	8	4	3	8	0	6	2	7	8
0	6	10	1	6	4	5	7	3	9	5	6	10	8	8	9	8	0	3	5	9
0	4	10	3	3	9	5	3	1	9	2	8	4	5	10	4	7	6	0	8	6
0	1	10	8	5	8	9	3	4	7	1	7	5	2	10	8	1	1	4	0	5
0	3	7	9	7	1	7	7	6	10	6	5	3	2	7	9	3	4	1	1	0