node	machine	vehicle
6	3	1
0	40	50
1	45	62
2	54	61
3	23	41
4	21	39
5	44	65
jobs
30
1	1	13	2	7
2	1	12	14	14
3	1	14	3	7
4	1	10	10	15
5	1	9	4	2
6	2	11	12	5
7	2	2	10	5
8	2	14	8	6
9	2	10	12	6
10	2	5	4	5
11	2	10	4	7
12	3	13	13	2
13	3	11	3	7
14	3	1	7	12
15	3	1	5	8
16	3	2	5	2
17	3	1	1	13
18	4	5	5	3
19	4	1	14	12
20	4	5	5	2
21	4	10	11	7
22	4	8	5	12
23	4	8	4	6
24	5	6	2	3
25	5	12	8	14
26	5	7	7	2
27	5	8	10	2
28	5	10	7	1
29	5	1	7	12
30	5	11	14	7
setuptimes
0	2	7	2	1	2	2	10	4	5	4	3	7	3	4	4	9	1	2	10	9	6	9	8	5	3	9	8	10	4	7
0	0	5	3	8	10	2	4	6	7	10	2	5	10	2	3	1	2	4	1	9	2	5	3	10	9	7	10	3	8	8
0	1	0	5	2	10	8	4	5	8	9	3	8	2	10	2	5	2	10	7	9	8	6	6	6	9	5	6	8	3	5
0	2	5	0	5	10	9	8	6	3	3	7	9	10	7	5	3	5	1	10	7	5	3	2	5	1	9	5	7	8	3
0	3	6	1	0	4	8	6	8	7	3	6	5	1	7	10	10	6	10	9	2	7	3	7	1	2	5	3	3	3	8
0	8	10	6	7	0	2	10	4	6	7	1	2	7	6	2	4	5	6	2	7	10	2	8	1	10	6	2	2	9	9
0	9	8	7	4	10	0	7	4	9	1	10	2	3	3	4	1	3	2	9	5	8	4	10	1	2	8	1	1	8	10
0	6	8	7	4	1	8	0	7	2	8	3	10	2	2	1	9	5	8	5	4	4	3	4	10	1	3	5	10	10	6
0	6	6	8	3	3	6	4	0	5	10	10	5	7	2	6	5	1	2	2	1	6	8	1	1	1	2	1	5	2	3
0	4	9	5	10	6	2	6	1	0	10	10	1	1	5	8	6	10	10	4	7	3	2	3	8	8	9	7	1	9	1
0	3	10	10	8	3	5	9	7	6	0	1	2	7	9	10	7	2	8	7	3	5	5	2	7	7	7	10	3	6	4
0	4	1	8	3	10	1	7	10	5	10	0	6	1	4	1	9	7	2	4	10	9	3	6	4	7	5	9	2	6	10
0	4	8	2	2	5	7	3	9	4	6	8	0	1	3	2	10	3	1	8	8	10	10	6	3	9	7	7	7	2	10
0	9	5	3	3	4	9	3	5	6	7	1	7	0	8	8	5	7	2	5	10	9	1	3	3	8	7	4	9	10	9
0	1	8	8	3	1	10	3	5	1	2	1	8	7	0	2	6	10	10	7	6	4	7	3	6	5	7	2	9	5	6
0	2	9	6	3	4	3	5	4	6	3	5	1	6	5	0	9	6	2	10	8	6	7	1	10	10	9	3	1	7	5
0	3	10	2	2	2	7	2	3	10	7	3	5	2	2	4	0	9	2	10	9	6	1	10	4	5	7	9	9	10	6
0	8	4	1	5	10	1	10	7	6	3	10	10	9	3	10	9	0	10	7	9	7	6	9	1	10	5	10	8	3	5
0	2	9	4	6	9	1	5	8	9	1	9	8	2	4	4	5	6	0	10	4	10	3	5	7	8	2	5	4	3	9
0	4	5	10	1	1	7	3	4	8	3	1	6	1	2	1	6	1	4	0	10	7	8	8	9	8	3	6	9	1	9
0	4	1	10	10	2	9	3	10	2	5	5	9	8	4	7	9	7	3	1	0	9	6	8	8	4	10	7	8	9	9
0	8	9	9	8	2	10	5	10	3	6	3	3	7	1	4	7	3	8	4	6	0	10	8	8	1	5	10	1	7	3
0	9	9	2	9	3	9	5	5	8	7	3	9	9	7	9	1	1	8	2	4	3	0	9	9	9	5	3	3	9	9
0	8	10	9	9	10	5	6	8	7	8	9	10	1	9	8	1	4	10	8	7	6	7	0	1	10	3	5	10	4	6
0	3	10	4	5	7	7	2	4	6	6	9	1	8	1	10	9	6	1	5	7	2	3	8	0	3	1	6	10	7	5
0	3	1	8	6	5	8	9	6	4	4	7	3	4	1	4	9	10	7	9	3	7	6	6	3	0	10	1	7	7	7
0	5	4	5	2	6	4	2	4	9	3	2	7	10	8	3	2	2	9	9	5	3	10	8	6	9	0	5	2	8	4
0	5	3	2	4	6	4	9	7	8	6	6	4	4	10	10	8	10	5	2	2	10	7	1	3	2	7	0	10	6	9
0	5	1	7	3	6	9	5	4	3	5	5	10	10	10	1	1	6	5	1	10	7	10	6	10	10	8	10	0	9	6
0	2	9	10	2	1	1	2	3	6	10	1	2	9	5	2	4	1	9	10	7	4	7	2	2	3	2	1	2	0	3
0	3	7	6	4	3	3	5	4	6	4	8	1	9	2	2	3	9	3	3	7	9	9	8	4	3	7	4	3	5	0