node	machine	vehicle
6	3	1
0	40	50
1	48	43
2	35	48
3	45	52
4	34	42
5	36	26
jobs
20
1	1	4	10	7
2	1	1	10	11
3	1	13	5	11
4	2	5	13	4
5	2	3	9	11
6	2	15	12	4
7	2	1	4	14
8	3	8	9	3
9	3	6	13	14
10	3	5	4	4
11	3	13	1	4
12	4	15	4	13
13	4	15	12	8
14	4	14	4	14
15	4	6	3	3
16	5	13	11	10
17	5	6	9	15
18	5	2	15	3
19	5	8	2	5
20	5	13	13	15
setuptimes
0	7	7	3	8	2	4	4	7	3	4	8	6	6	10	10	2	4	8	6	2
0	0	7	4	5	8	2	1	1	8	7	8	5	3	4	7	1	1	2	10	10
0	3	0	3	10	1	5	2	5	1	2	4	8	7	4	1	4	7	8	2	7
0	8	5	0	1	5	2	1	7	10	1	9	8	10	7	5	7	8	9	6	4
0	4	5	2	0	8	2	4	3	9	9	10	10	1	2	6	10	9	10	10	1
0	3	8	2	4	0	6	2	7	5	5	7	2	2	1	10	1	2	3	1	5
0	2	3	8	7	8	0	5	4	5	10	7	10	8	10	3	2	10	6	5	2
0	6	1	8	2	7	3	0	7	9	8	4	7	1	8	9	6	7	7	4	1
0	7	2	4	3	5	3	6	0	2	2	1	3	5	6	8	1	7	10	7	9
0	2	7	4	3	1	7	3	5	0	10	4	6	1	10	7	5	9	1	2	7
0	2	4	8	3	6	6	4	5	1	0	10	6	4	6	1	3	8	6	10	2
0	9	3	2	7	6	1	5	8	8	8	0	6	10	7	10	9	2	7	1	1
0	7	9	5	7	5	9	1	7	9	7	8	0	3	8	1	9	1	7	1	4
0	2	8	2	8	1	4	7	2	8	8	2	9	0	10	2	3	2	1	5	10
0	5	9	6	6	2	7	1	4	7	10	6	8	6	0	1	5	6	4	6	8
0	2	3	2	8	6	4	1	2	9	9	6	1	1	4	0	2	1	2	4	9
0	9	3	9	5	5	9	9	10	6	5	3	6	6	5	3	0	4	9	8	6
0	10	6	1	5	3	2	1	5	5	2	8	8	10	10	9	4	0	3	1	5
0	6	5	10	4	3	5	1	2	3	3	3	8	8	7	2	2	5	0	2	3
0	7	2	1	2	2	6	4	5	2	8	4	5	8	2	3	2	7	1	0	10
0	8	10	7	1	6	5	5	4	10	4	5	6	2	2	7	3	9	6	8	0