node	machine	vehicle
6	2	1
0	40	50
1	58	61
2	60	30
3	53	44
4	38	26
5	41	27
jobs
20
1	1	3	7
2	1	8	5
3	1	5	2
4	2	15	11
5	2	8	4
6	2	7	7
7	2	8	10
8	3	5	7
9	3	12	13
10	3	8	4
11	3	11	8
12	4	9	8
13	4	1	2
14	4	2	5
15	4	8	15
16	5	5	4
17	5	15	8
18	5	1	2
19	5	8	13
20	5	13	4
setuptimes
0	1	6	3	2	7	7	10	4	3	8	9	5	4	4	10	3	9	6	2	9
0	0	10	7	5	7	4	3	10	9	7	10	1	3	9	4	5	5	2	5	10
0	10	0	1	2	10	5	9	1	2	6	5	6	9	10	4	7	9	3	1	9
0	1	6	0	7	10	5	7	8	2	5	5	9	3	4	8	6	10	7	3	7
0	9	5	3	0	4	4	7	10	9	3	3	10	1	10	5	10	8	5	4	2
0	8	10	10	1	0	9	1	6	8	6	9	6	7	6	5	10	6	4	3	9
0	4	9	8	9	3	0	8	5	6	2	1	5	2	6	5	10	7	10	8	3
0	3	4	9	6	4	5	0	8	1	1	2	6	8	5	1	2	2	5	6	8
0	10	2	9	10	5	10	10	0	5	3	9	7	2	7	3	5	5	8	2	1
0	3	9	4	2	1	4	1	1	0	1	5	1	1	7	2	9	4	1	8	5
0	8	2	10	7	2	1	3	3	4	0	6	2	6	10	5	7	1	2	4	6
0	1	5	1	1	3	9	4	1	9	5	0	5	10	7	2	2	1	4	2	1
0	3	10	1	7	6	6	6	6	3	4	10	0	3	5	10	10	3	1	7	5
0	5	7	8	5	4	4	9	4	10	5	7	3	0	8	3	7	4	9	8	3
0	3	5	6	9	9	4	7	8	2	10	3	10	3	0	7	5	5	7	2	5
0	6	8	7	5	9	4	5	3	9	5	3	1	2	3	0	4	5	6	4	4
0	6	4	2	2	10	3	5	7	6	1	8	2	3	5	2	0	6	6	5	9
0	6	10	2	5	10	3	2	2	7	7	1	10	5	3	5	6	0	5	7	3
0	2	1	1	2	3	2	1	5	2	1	8	5	10	10	5	10	1	0	7	9
0	3	5	3	1	9	4	4	3	6	1	4	8	10	9	4	5	5	7	0	5
0	9	1	10	3	10	8	3	5	8	2	3	7	7	10	8	3	1	3	8	0