node	machine	vehicle
8	2	1
0	40	50
1	26	44
2	41	38
3	65	51
4	41	75
5	19	59
6	65	31
7	19	29
jobs
20
1	1	9	13
2	1	2	5
3	1	14	7
4	2	5	14
5	2	13	3
6	2	7	6
7	3	6	8
8	3	8	2
9	3	9	6
10	4	9	8
11	4	15	2
12	4	10	9
13	5	7	14
14	5	12	15
15	5	7	9
16	6	7	8
17	6	8	5
18	7	2	8
19	7	7	14
20	7	12	3
setuptimes
0	8	8	10	6	8	3	3	7	6	4	4	6	4	9	4	9	6	1	7	7
0	0	1	1	5	8	3	1	8	5	2	5	6	5	10	2	3	1	8	8	4
0	6	0	10	9	3	5	5	3	9	7	2	2	4	6	9	4	6	9	10	3
0	5	3	0	4	2	3	8	4	2	3	1	7	6	9	7	8	4	3	7	8
0	4	7	10	0	6	9	3	6	6	10	9	10	7	6	7	9	4	4	8	1
0	3	7	4	10	0	8	7	2	7	10	6	1	1	3	1	9	2	5	3	8
0	7	2	6	2	6	0	7	6	5	2	8	4	2	5	3	10	6	8	9	9
0	7	5	5	3	10	3	0	9	3	10	2	1	3	1	9	5	3	5	3	1
0	7	5	4	8	7	6	7	0	1	10	6	9	10	7	10	4	6	4	10	7
0	2	1	1	4	2	8	8	6	0	3	7	3	9	5	6	3	4	1	3	8
0	8	2	7	2	3	1	4	1	9	0	1	5	6	1	5	4	1	10	7	4
0	8	1	10	7	1	5	5	10	2	5	0	8	1	4	6	4	6	4	9	6
0	3	9	9	5	6	1	7	9	8	3	5	0	1	10	3	10	10	3	5	7
0	2	3	10	2	7	2	4	10	2	1	8	6	0	8	7	5	5	8	5	1
0	6	9	7	5	5	2	9	2	3	2	7	3	10	0	2	3	7	2	4	5
0	7	8	9	1	10	5	1	7	3	2	10	3	3	7	0	7	5	10	10	2
0	8	9	7	1	4	5	9	3	2	6	3	7	2	2	9	0	6	1	1	5
0	1	5	1	10	6	7	10	4	3	1	3	2	5	7	9	7	0	1	6	7
0	1	10	7	8	1	1	4	1	3	1	5	3	5	3	10	5	5	0	5	2
0	10	3	1	1	10	3	10	9	6	8	6	1	3	4	4	1	9	5	0	10
0	2	3	1	2	9	3	3	7	2	3	10	9	8	10	7	4	2	8	2	0