node	machine	vehicle
6	2	1
0	40	50
1	46	25
2	53	34
3	64	67
4	51	59
5	50	49
jobs
30
1	1	2	3
2	1	1	11
3	1	5	13
4	1	11	7
5	1	2	7
6	2	5	8
7	2	13	7
8	2	3	7
9	2	1	14
10	2	9	3
11	2	15	8
12	3	8	12
13	3	13	8
14	3	4	5
15	3	14	15
16	3	11	10
17	3	11	8
18	4	10	3
19	4	8	1
20	4	14	13
21	4	9	7
22	4	1	7
23	4	6	14
24	5	3	6
25	5	7	15
26	5	12	7
27	5	14	5
28	5	13	13
29	5	13	11
30	5	6	7
setuptimes
0	7	5	7	8	8	1	5	2	3	7	1	2	5	1	9	8	2	5	3	8	5	4	4	8	9	3	1	5	7	9
0	0	1	2	4	7	6	8	8	3	6	3	3	7	7	5	3	6	1	3	9	8	8	7	2	4	10	6	1	10	4
0	1	0	2	4	9	2	2	10	1	6	9	9	1	5	4	2	5	10	9	3	2	10	2	10	4	7	1	6	4	4
0	1	7	0	5	2	8	9	4	4	4	4	6	9	3	9	10	6	8	4	10	5	4	3	7	10	5	1	7	7	10
0	1	5	10	0	6	7	6	5	7	1	5	10	8	3	10	8	3	3	7	6	1	2	5	7	9	7	9	10	5	6
0	6	4	6	10	0	9	4	1	2	3	4	10	8	2	8	1	1	2	5	10	9	8	2	7	9	9	8	9	7	4
0	4	6	7	8	5	0	8	9	8	2	2	4	7	1	9	4	1	3	5	1	9	7	5	6	10	5	8	3	5	9
0	1	8	9	4	10	3	0	3	8	5	3	9	10	4	5	9	2	3	9	3	7	8	3	7	4	8	5	2	9	10
0	3	5	5	4	9	7	3	0	8	3	9	5	7	2	3	1	8	9	3	2	9	1	5	8	5	3	1	6	8	10
0	2	10	10	1	9	10	6	5	0	2	7	8	4	9	4	7	7	10	7	2	6	5	4	3	6	4	3	10	6	10
0	5	4	9	2	5	3	10	1	2	0	2	3	4	3	3	4	8	1	9	4	10	2	5	6	5	4	9	6	4	6
0	8	10	4	2	1	8	10	1	5	1	0	3	6	10	7	6	5	10	3	1	10	1	5	4	2	3	7	1	5	4
0	10	3	4	6	9	10	3	7	7	10	3	0	4	9	1	8	8	4	8	2	8	8	7	8	6	2	8	1	4	2
0	8	5	3	9	8	10	5	6	3	5	6	2	0	10	7	3	7	4	4	9	8	10	10	5	2	5	1	10	6	4
0	9	8	1	9	4	6	9	6	1	10	5	9	5	0	10	7	2	9	3	7	1	1	1	6	3	8	2	3	7	9
0	6	7	7	8	10	4	9	1	9	4	2	5	4	9	0	3	10	7	2	10	3	10	2	8	5	3	2	2	3	2
0	3	1	10	8	10	10	10	1	4	10	6	9	1	6	7	0	10	1	2	1	4	9	3	9	8	2	6	8	5	2
0	9	7	2	10	7	1	5	4	8	7	7	5	3	4	1	10	0	5	8	4	2	3	10	6	10	5	5	2	10	5
0	1	5	6	7	2	5	1	3	6	8	7	4	9	1	1	5	1	0	2	4	1	9	8	9	4	7	7	2	4	3
0	3	10	8	3	8	5	8	7	7	9	4	7	5	9	10	5	9	1	0	5	5	8	4	4	8	7	8	4	1	7
0	9	4	3	4	4	1	1	3	1	7	7	2	9	3	8	2	10	5	10	0	6	7	8	1	6	6	3	6	9	9
0	1	10	7	7	5	6	2	8	7	8	2	3	2	8	9	10	5	2	9	8	0	9	3	7	4	9	3	1	7	1
0	10	8	3	3	10	10	5	6	1	1	9	6	10	10	7	4	3	10	9	10	2	0	8	6	10	10	8	10	4	3
0	7	5	2	9	8	10	8	6	8	1	2	2	5	2	6	2	1	3	9	2	8	2	0	2	8	7	2	7	10	1
0	7	7	3	5	9	5	3	2	4	4	7	8	8	10	5	2	8	1	1	5	4	5	10	0	5	5	9	4	9	9
0	9	4	6	7	8	5	3	3	1	5	2	2	9	5	2	2	9	6	3	6	9	4	1	5	0	10	6	5	6	10
0	7	9	3	9	7	2	4	4	1	4	8	10	4	9	4	4	3	6	7	9	9	6	1	4	7	0	6	8	7	2
0	9	9	2	2	3	1	9	4	6	7	3	5	8	6	8	10	7	5	5	1	2	10	4	1	2	3	0	4	5	6
0	2	5	8	4	10	2	3	6	3	5	1	7	3	2	8	5	8	1	8	10	9	7	2	6	3	3	6	0	6	1
0	9	8	9	5	2	6	4	5	8	3	9	4	7	1	7	4	10	7	7	4	6	5	8	10	8	10	6	10	0	2
0	7	4	3	4	2	5	4	10	2	1	9	5	3	9	6	8	2	9	7	7	1	8	5	2	7	10	4	9	4	0