node	machine	vehicle
6	3	1
0	40	50
1	57	65
2	54	58
3	15	73
4	55	62
5	34	71
jobs
20
1	1	9	1	14
2	1	13	14	12
3	1	8	14	2
4	2	6	9	5
5	2	9	5	7
6	2	2	15	14
7	2	14	3	15
8	3	15	13	8
9	3	5	1	8
10	3	10	11	5
11	3	13	2	2
12	4	13	1	3
13	4	9	10	2
14	4	13	4	12
15	4	6	3	9
16	5	15	15	5
17	5	13	11	4
18	5	8	9	4
19	5	14	7	12
20	5	2	11	10
setuptimes
0	6	7	3	8	4	10	3	7	4	4	7	8	6	5	10	2	1	8	3	2
0	0	3	4	4	2	4	8	9	3	8	10	9	4	3	7	3	7	3	7	3
0	1	0	9	2	9	2	9	8	4	9	1	8	5	9	10	5	5	3	4	3
0	9	5	0	8	2	5	8	8	2	4	3	6	9	6	1	8	6	9	5	6
0	7	7	7	0	3	7	5	6	1	2	8	2	9	5	4	3	6	5	1	10
0	4	7	8	5	0	9	6	3	3	1	4	5	3	7	9	5	5	4	3	8
0	4	7	4	3	1	0	2	3	7	7	3	8	3	2	8	9	3	6	10	10
0	10	5	4	10	8	10	0	7	3	7	4	6	7	4	7	3	6	3	10	1
0	3	9	3	5	5	5	10	0	10	7	10	2	6	9	3	7	8	7	8	7
0	7	6	9	10	5	7	1	3	0	5	5	4	8	7	1	7	10	6	8	5
0	3	10	3	10	2	5	4	6	8	0	2	4	2	2	2	10	7	4	3	1
0	6	5	3	10	1	3	8	8	1	9	0	5	4	9	7	10	10	9	2	7
0	7	3	9	8	1	2	10	9	7	6	8	0	1	1	5	5	6	2	4	5
0	3	2	3	8	8	1	4	8	8	10	6	5	0	10	7	3	5	10	9	2
0	1	6	2	8	8	3	6	9	6	9	2	3	9	0	2	7	3	4	7	5
0	5	1	3	1	6	4	9	8	5	8	2	7	8	3	0	3	9	8	4	6
0	8	8	5	8	1	9	2	2	6	10	6	4	9	6	1	0	3	2	9	8
0	9	4	4	8	7	4	4	2	8	4	2	1	5	5	1	6	0	9	1	5
0	10	9	1	3	5	9	4	3	9	8	9	1	8	4	3	4	9	0	1	1
0	2	6	10	7	3	1	2	1	5	7	10	9	8	7	10	3	10	2	0	10
0	8	4	3	9	9	2	3	10	5	4	1	2	4	5	8	2	6	7	10	0