node	machine	vehicle
5	4	1
0	40	50
1	36	43
2	64	58
3	24	42
4	27	34
jobs
20
1	1	10	4	15	15
2	1	4	9	13	14
3	1	2	5	7	15
4	1	12	5	8	1
5	2	8	8	1	12
6	2	4	14	13	1
7	2	12	13	8	3
8	2	3	11	15	4
9	2	15	14	10	2
10	3	12	11	13	10
11	3	6	3	15	3
12	3	10	7	5	9
13	3	2	14	8	6
14	3	14	12	2	5
15	4	12	11	1	13
16	4	1	6	15	4
17	4	9	3	8	8
18	4	11	11	15	4
19	4	14	5	6	13
20	4	14	4	6	7
setuptimes
0	5	9	5	7	1	8	5	9	8	9	6	6	3	3	7	7	5	1	3	10
0	0	6	5	5	4	7	10	7	8	10	8	9	9	5	1	2	3	5	9	5
0	9	0	8	7	4	5	6	1	3	6	2	7	9	7	6	6	8	8	9	6
0	3	2	0	5	5	9	2	3	8	5	5	7	3	3	9	1	8	8	8	3
0	4	4	10	0	3	2	3	9	1	10	5	2	4	3	7	8	5	9	8	2
0	6	7	10	6	0	6	1	4	1	1	8	9	5	7	1	9	3	4	2	5
0	8	10	10	1	5	0	3	8	8	10	3	3	2	2	6	10	10	9	9	4
0	8	4	10	1	6	10	0	5	7	6	5	4	10	4	2	3	1	6	2	8
0	9	7	2	5	7	6	9	0	8	10	2	5	6	5	3	3	3	7	9	8
0	9	3	4	1	10	10	6	4	0	6	2	5	10	4	5	4	6	8	9	6
0	1	10	6	7	8	10	4	6	3	0	1	9	1	8	4	2	10	1	1	4
0	6	6	8	9	6	7	1	2	7	1	0	8	7	3	1	10	4	4	9	3
0	4	5	9	7	5	8	5	3	9	4	5	0	2	6	2	4	4	5	8	9
0	8	1	4	5	5	10	4	3	5	5	7	3	0	10	10	7	6	9	2	5
0	5	4	7	10	1	2	3	4	5	1	1	2	9	0	1	6	5	10	3	5
0	8	4	4	4	1	1	3	2	3	2	4	9	5	9	0	2	7	8	10	4
0	7	1	1	9	9	1	10	1	3	7	8	9	10	1	8	0	4	7	5	2
0	8	6	7	5	1	2	8	1	2	1	6	6	1	5	2	2	0	3	6	1
0	10	1	9	9	6	4	1	9	3	4	2	4	6	5	5	10	8	0	1	7
0	2	9	9	8	2	3	9	6	9	4	2	6	5	9	4	2	5	7	0	1
0	3	9	9	6	1	5	10	8	1	2	1	9	5	8	9	1	10	4	7	0