node	machine	vehicle
8	3	1
0	40	50
1	54	34
2	44	38
3	56	71
4	32	32
5	59	69
6	51	49
7	40	68
jobs
20
1	1	5	15	4
2	2	13	10	13
3	2	11	15	4
4	3	9	5	7
5	3	13	4	5
6	4	5	8	12
7	4	11	10	9
8	5	14	4	6
9	5	12	3	5
10	6	7	13	5
11	6	4	10	14
12	7	5	15	2
13	7	11	8	2
14	7	14	2	6
15	7	7	5	6
16	7	5	15	5
17	7	1	15	8
18	7	2	8	5
19	7	5	11	15
20	7	11	12	12
setuptimes
0	6	8	7	2	2	5	7	4	4	10	6	9	4	8	5	8	10	5	6	3
0	0	1	8	4	4	4	6	10	9	7	8	4	4	2	6	4	4	7	4	10
0	8	0	5	5	9	2	3	9	8	9	5	4	2	8	5	6	1	9	1	10
0	8	7	0	10	10	9	6	3	4	2	9	5	9	3	1	8	3	4	5	3
0	4	10	6	0	2	9	3	5	6	2	6	9	10	10	5	3	2	2	2	1
0	10	5	2	7	0	2	10	7	6	6	1	2	1	1	5	10	10	9	6	8
0	7	1	6	2	6	0	2	5	10	8	3	9	9	6	2	3	9	2	4	9
0	9	5	4	5	7	7	0	8	7	10	8	2	9	9	10	8	9	8	3	3
0	10	3	7	10	2	2	6	0	2	6	6	2	4	1	9	8	5	10	5	10
0	1	1	4	4	6	1	2	1	0	7	6	5	7	1	2	8	6	6	1	8
0	1	6	9	4	7	10	7	1	10	0	9	10	4	1	9	5	1	2	1	7
0	4	9	5	5	6	3	10	2	6	7	0	8	6	8	4	4	6	9	5	1
0	3	1	3	8	6	9	4	2	5	9	9	0	2	2	3	4	6	4	8	1
0	9	6	1	7	3	6	7	10	2	4	5	1	0	5	10	3	5	7	6	3
0	3	3	7	6	5	6	7	5	5	1	9	1	6	0	5	1	7	1	9	5
0	7	9	2	8	4	2	2	1	2	3	4	4	4	4	0	5	4	10	9	1
0	8	9	3	7	3	8	7	5	3	10	9	10	8	1	1	0	10	4	2	10
0	10	2	1	10	9	7	6	6	1	5	10	2	7	9	2	6	0	1	6	5
0	2	10	6	5	2	3	2	5	9	10	4	8	10	2	8	6	10	0	1	1
0	1	4	7	4	1	9	6	10	2	4	1	1	7	6	10	8	5	1	0	6
0	3	4	1	9	2	6	1	3	2	6	2	1	1	2	9	7	10	10	1	0