node	machine	vehicle
5	3	1
0	40	50
1	51	64
2	40	69
3	62	36
4	19	42
jobs
20
1	1	5	15	10
2	1	3	1	13
3	1	15	3	7
4	1	6	3	1
5	2	5	15	7
6	2	5	7	1
7	2	4	5	3
8	2	15	10	11
9	2	9	12	9
10	3	8	15	15
11	3	1	12	6
12	3	13	5	15
13	3	4	11	4
14	3	8	13	13
15	4	8	4	4
16	4	10	5	11
17	4	12	13	14
18	4	15	4	10
19	4	5	15	3
20	4	4	2	11
setuptimes
0	5	9	8	4	1	4	7	1	7	3	5	3	4	4	7	2	10	3	5	3
0	0	1	3	5	9	8	4	3	9	8	6	6	10	4	3	3	2	1	8	4
0	9	0	6	1	7	6	2	9	3	1	10	2	5	9	4	6	8	3	6	8
0	6	6	0	7	10	9	10	8	9	4	5	7	10	10	8	3	2	1	2	10
0	8	1	3	0	2	9	6	3	4	10	6	10	10	3	10	6	8	5	10	1
0	4	2	10	10	0	5	5	10	10	1	1	5	2	9	5	10	4	10	10	9
0	8	6	3	5	5	0	10	1	9	3	6	3	8	1	7	7	8	6	2	10
0	3	7	10	2	7	9	0	8	6	3	9	7	9	3	7	7	6	8	9	6
0	9	10	3	1	3	1	9	0	3	2	4	9	3	1	6	6	2	4	1	5
0	7	7	5	3	8	5	9	5	0	6	5	6	4	9	10	6	8	7	1	7
0	7	9	8	6	5	9	2	9	7	0	6	5	3	5	9	8	3	6	8	4
0	3	4	10	4	7	5	5	7	3	4	0	10	2	6	5	5	4	3	2	8
0	1	8	9	4	8	10	1	9	8	8	8	0	5	9	1	3	5	3	1	3
0	10	5	3	7	10	7	2	4	5	8	4	5	0	4	10	1	10	3	9	4
0	5	7	1	6	8	1	10	6	3	9	2	3	3	0	6	5	5	6	4	2
0	3	8	10	2	6	8	7	10	8	3	6	1	9	10	0	5	6	8	7	8
0	10	5	2	1	4	6	3	10	3	3	4	9	4	3	2	0	3	7	7	9
0	2	10	5	1	10	1	5	10	6	7	7	6	8	1	6	6	0	5	9	3
0	8	1	8	3	5	8	5	10	5	5	8	4	5	10	1	9	9	0	8	1
0	7	1	9	4	8	6	4	7	5	2	8	9	1	6	3	1	2	3	0	7
0	8	1	10	9	1	2	4	6	5	5	5	9	5	6	4	6	5	8	2	0